solid STL generated by MeshLab
  facet normal  5.773503e-01  5.773503e-01  5.773503e-01
    outer loop
      vertex   4.289176e-01  7.950217e-01  4.289176e-01
      vertex   4.289176e-01  4.289176e-01  7.950217e-01
      vertex   7.950217e-01  4.289176e-01  4.289176e-01
    endloop
  endfacet
  facet normal -5.773503e-01  5.773503e-01  5.773503e-01
    outer loop
      vertex  -7.950217e-01  4.289176e-01  4.289176e-01
      vertex  -4.289176e-01  4.289176e-01  7.950217e-01
      vertex  -4.289176e-01  7.950217e-01  4.289176e-01
    endloop
  endfacet
  facet normal -5.773503e-01 -5.773503e-01  5.773503e-01
    outer loop
      vertex  -4.289176e-01 -7.950217e-01  4.289176e-01
      vertex  -4.289176e-01 -4.289176e-01  7.950217e-01
      vertex  -7.950217e-01 -4.289176e-01  4.289176e-01
    endloop
  endfacet
  facet normal  5.773503e-01 -5.773503e-01  5.773503e-01
    outer loop
      vertex   7.950217e-01 -4.289176e-01  4.289176e-01
      vertex   4.289176e-01 -4.289176e-01  7.950217e-01
      vertex   4.289176e-01 -7.950217e-01  4.289176e-01
    endloop
  endfacet
  facet normal  5.773503e-01  5.773503e-01 -5.773503e-01
    outer loop
      vertex   7.950217e-01  4.289176e-01 -4.289176e-01
      vertex   4.289176e-01  4.289176e-01 -7.950217e-01
      vertex   4.289176e-01  7.950217e-01 -4.289176e-01
    endloop
  endfacet
  facet normal -5.773503e-01  5.773503e-01 -5.773503e-01
    outer loop
      vertex  -4.289176e-01  7.950217e-01 -4.289176e-01
      vertex  -4.289176e-01  4.289176e-01 -7.950217e-01
      vertex  -7.950217e-01  4.289176e-01 -4.289176e-01
    endloop
  endfacet
  facet normal -5.773503e-01 -5.773503e-01 -5.773503e-01
    outer loop
      vertex  -7.950217e-01 -4.289176e-01 -4.289176e-01
      vertex  -4.289176e-01 -4.289176e-01 -7.950217e-01
      vertex  -4.289176e-01 -7.950217e-01 -4.289176e-01
    endloop
  endfacet
  facet normal  5.773503e-01 -5.773503e-01 -5.773503e-01
    outer loop
      vertex   4.289176e-01 -7.950217e-01 -4.289176e-01
      vertex   4.289176e-01 -4.289176e-01 -7.950217e-01
      vertex   7.950217e-01 -4.289176e-01 -4.289176e-01
    endloop
  endfacet
  facet normal  9.278013e-01  2.638036e-01  2.638036e-01
    outer loop
      vertex   9.511507e-01  3.087269e-01  0.000000e+00
      vertex   7.950217e-01  4.289176e-01  4.289176e-01
      vertex   9.511507e-01  0.000000e+00  3.087269e-01
    endloop
  endfacet
  facet normal  2.638036e-01  9.278013e-01  2.638036e-01
    outer loop
      vertex   3.087269e-01  9.511507e-01  0.000000e+00
      vertex   0.000000e+00  9.511507e-01  3.087269e-01
      vertex   4.289176e-01  7.950217e-01  4.289176e-01
    endloop
  endfacet
  facet normal  2.638036e-01  2.638036e-01  9.278013e-01
    outer loop
      vertex   4.289176e-01  4.289176e-01  7.950217e-01
      vertex   0.000000e+00  3.087269e-01  9.511507e-01
      vertex   3.087269e-01  0.000000e+00  9.511507e-01
    endloop
  endfacet
  facet normal -2.638036e-01  9.278013e-01  2.638036e-01
    outer loop
      vertex  -3.087269e-01  9.511507e-01  0.000000e+00
      vertex  -4.289176e-01  7.950217e-01  4.289176e-01
      vertex   0.000000e+00  9.511507e-01  3.087269e-01
    endloop
  endfacet
  facet normal -9.278013e-01  2.638036e-01  2.638036e-01
    outer loop
      vertex  -9.511507e-01  3.087269e-01  0.000000e+00
      vertex  -9.511507e-01  0.000000e+00  3.087269e-01
      vertex  -7.950217e-01  4.289176e-01  4.289176e-01
    endloop
  endfacet
  facet normal -2.638036e-01  2.638036e-01  9.278013e-01
    outer loop
      vertex  -4.289176e-01  4.289176e-01  7.950217e-01
      vertex  -3.087269e-01  0.000000e+00  9.511507e-01
      vertex   0.000000e+00  3.087269e-01  9.511507e-01
    endloop
  endfacet
  facet normal -9.278013e-01 -2.638036e-01  2.638036e-01
    outer loop
      vertex  -9.511507e-01 -3.087269e-01  0.000000e+00
      vertex  -7.950217e-01 -4.289176e-01  4.289176e-01
      vertex  -9.511507e-01  0.000000e+00  3.087269e-01
    endloop
  endfacet
  facet normal -2.638036e-01 -9.278013e-01  2.638036e-01
    outer loop
      vertex  -3.087269e-01 -9.511507e-01  0.000000e+00
      vertex   0.000000e+00 -9.511507e-01  3.087269e-01
      vertex  -4.289176e-01 -7.950217e-01  4.289176e-01
    endloop
  endfacet
  facet normal -2.638036e-01 -2.638036e-01  9.278013e-01
    outer loop
      vertex  -4.289176e-01 -4.289176e-01  7.950217e-01
      vertex   0.000000e+00 -3.087269e-01  9.511507e-01
      vertex  -3.087269e-01  0.000000e+00  9.511507e-01
    endloop
  endfacet
  facet normal  2.638036e-01 -9.278013e-01  2.638036e-01
    outer loop
      vertex   3.087269e-01 -9.511507e-01  0.000000e+00
      vertex   4.289176e-01 -7.950217e-01  4.289176e-01
      vertex   0.000000e+00 -9.511507e-01  3.087269e-01
    endloop
  endfacet
  facet normal  9.278013e-01 -2.638036e-01  2.638036e-01
    outer loop
      vertex   9.511507e-01 -3.087269e-01  0.000000e+00
      vertex   9.511507e-01  0.000000e+00  3.087269e-01
      vertex   7.950217e-01 -4.289176e-01  4.289176e-01
    endloop
  endfacet
  facet normal  2.638036e-01 -2.638036e-01  9.278013e-01
    outer loop
      vertex   4.289176e-01 -4.289176e-01  7.950217e-01
      vertex   3.087269e-01  0.000000e+00  9.511507e-01
      vertex   0.000000e+00 -3.087269e-01  9.511507e-01
    endloop
  endfacet
  facet normal  2.638036e-01  9.278013e-01 -2.638036e-01
    outer loop
      vertex   3.087269e-01  9.511507e-01  0.000000e+00
      vertex   4.289176e-01  7.950217e-01 -4.289176e-01
      vertex   0.000000e+00  9.511507e-01 -3.087269e-01
    endloop
  endfacet
  facet normal  9.278013e-01  2.638036e-01 -2.638036e-01
    outer loop
      vertex   9.511507e-01  3.087269e-01  0.000000e+00
      vertex   9.511507e-01  0.000000e+00 -3.087269e-01
      vertex   7.950217e-01  4.289176e-01 -4.289176e-01
    endloop
  endfacet
  facet normal  2.638036e-01  2.638036e-01 -9.278013e-01
    outer loop
      vertex   4.289176e-01  4.289176e-01 -7.950217e-01
      vertex   3.087269e-01  0.000000e+00 -9.511507e-01
      vertex   0.000000e+00  3.087269e-01 -9.511507e-01
    endloop
  endfacet
  facet normal -9.278013e-01  2.638036e-01 -2.638036e-01
    outer loop
      vertex  -9.511507e-01  3.087269e-01  0.000000e+00
      vertex  -7.950217e-01  4.289176e-01 -4.289176e-01
      vertex  -9.511507e-01  0.000000e+00 -3.087269e-01
    endloop
  endfacet
  facet normal -2.638036e-01  9.278013e-01 -2.638036e-01
    outer loop
      vertex  -3.087269e-01  9.511507e-01  0.000000e+00
      vertex   0.000000e+00  9.511507e-01 -3.087269e-01
      vertex  -4.289176e-01  7.950217e-01 -4.289176e-01
    endloop
  endfacet
  facet normal -2.638036e-01  2.638036e-01 -9.278013e-01
    outer loop
      vertex  -4.289176e-01  4.289176e-01 -7.950217e-01
      vertex   0.000000e+00  3.087269e-01 -9.511507e-01
      vertex  -3.087269e-01  0.000000e+00 -9.511507e-01
    endloop
  endfacet
  facet normal -2.638036e-01 -9.278013e-01 -2.638036e-01
    outer loop
      vertex  -3.087269e-01 -9.511507e-01  0.000000e+00
      vertex  -4.289176e-01 -7.950217e-01 -4.289176e-01
      vertex   0.000000e+00 -9.511507e-01 -3.087269e-01
    endloop
  endfacet
  facet normal -9.278013e-01 -2.638036e-01 -2.638036e-01
    outer loop
      vertex  -9.511507e-01 -3.087269e-01  0.000000e+00
      vertex  -9.511507e-01  0.000000e+00 -3.087269e-01
      vertex  -7.950217e-01 -4.289176e-01 -4.289176e-01
    endloop
  endfacet
  facet normal -2.638036e-01 -2.638036e-01 -9.278013e-01
    outer loop
      vertex  -4.289176e-01 -4.289176e-01 -7.950217e-01
      vertex  -3.087269e-01  0.000000e+00 -9.511507e-01
      vertex   0.000000e+00 -3.087269e-01 -9.511507e-01
    endloop
  endfacet
  facet normal  9.278013e-01 -2.638036e-01 -2.638036e-01
    outer loop
      vertex   9.511507e-01 -3.087269e-01  0.000000e+00
      vertex   7.950217e-01 -4.289176e-01 -4.289176e-01
      vertex   9.511507e-01  0.000000e+00 -3.087269e-01
    endloop
  endfacet
  facet normal  2.638036e-01 -9.278013e-01 -2.638036e-01
    outer loop
      vertex   3.087269e-01 -9.511507e-01  0.000000e+00
      vertex   0.000000e+00 -9.511507e-01 -3.087269e-01
      vertex   4.289176e-01 -7.950217e-01 -4.289176e-01
    endloop
  endfacet
  facet normal  2.638036e-01 -2.638036e-01 -9.278013e-01
    outer loop
      vertex   4.289176e-01 -4.289176e-01 -7.950217e-01
      vertex   0.000000e+00 -3.087269e-01 -9.511507e-01
      vertex   3.087269e-01  0.000000e+00 -9.511507e-01
    endloop
  endfacet
  facet normal  6.746916e-01  6.746916e-01  2.993033e-01
    outer loop
      vertex   7.071068e-01  7.071068e-01  0.000000e+00
      vertex   4.289176e-01  7.950217e-01  4.289176e-01
      vertex   7.950217e-01  4.289176e-01  4.289176e-01
    endloop
  endfacet
  facet normal  2.993033e-01  6.746916e-01  6.746916e-01
    outer loop
      vertex   4.289176e-01  7.950217e-01  4.289176e-01
      vertex   0.000000e+00  7.071068e-01  7.071068e-01
      vertex   4.289176e-01  4.289176e-01  7.950217e-01
    endloop
  endfacet
  facet normal  6.746916e-01  2.993033e-01  6.746916e-01
    outer loop
      vertex   7.950217e-01  4.289176e-01  4.289176e-01
      vertex   4.289176e-01  4.289176e-01  7.950217e-01
      vertex   7.071068e-01  0.000000e+00  7.071068e-01
    endloop
  endfacet
  facet normal -6.746916e-01  6.746916e-01  2.993033e-01
    outer loop
      vertex  -7.071068e-01  7.071068e-01  0.000000e+00
      vertex  -7.950217e-01  4.289176e-01  4.289176e-01
      vertex  -4.289176e-01  7.950217e-01  4.289176e-01
    endloop
  endfacet
  facet normal -6.746916e-01  2.993033e-01  6.746916e-01
    outer loop
      vertex  -7.950217e-01  4.289176e-01  4.289176e-01
      vertex  -7.071068e-01  0.000000e+00  7.071068e-01
      vertex  -4.289176e-01  4.289176e-01  7.950217e-01
    endloop
  endfacet
  facet normal -2.993033e-01  6.746916e-01  6.746916e-01
    outer loop
      vertex  -4.289176e-01  7.950217e-01  4.289176e-01
      vertex  -4.289176e-01  4.289176e-01  7.950217e-01
      vertex   0.000000e+00  7.071068e-01  7.071068e-01
    endloop
  endfacet
  facet normal -6.746916e-01 -6.746916e-01  2.993033e-01
    outer loop
      vertex  -7.071068e-01 -7.071068e-01  0.000000e+00
      vertex  -4.289176e-01 -7.950217e-01  4.289176e-01
      vertex  -7.950217e-01 -4.289176e-01  4.289176e-01
    endloop
  endfacet
  facet normal -2.993033e-01 -6.746916e-01  6.746916e-01
    outer loop
      vertex  -4.289176e-01 -7.950217e-01  4.289176e-01
      vertex   0.000000e+00 -7.071068e-01  7.071068e-01
      vertex  -4.289176e-01 -4.289176e-01  7.950217e-01
    endloop
  endfacet
  facet normal -6.746916e-01 -2.993033e-01  6.746916e-01
    outer loop
      vertex  -7.950217e-01 -4.289176e-01  4.289176e-01
      vertex  -4.289176e-01 -4.289176e-01  7.950217e-01
      vertex  -7.071068e-01  0.000000e+00  7.071068e-01
    endloop
  endfacet
  facet normal  6.746916e-01 -6.746916e-01  2.993033e-01
    outer loop
      vertex   7.071068e-01 -7.071068e-01  0.000000e+00
      vertex   7.950217e-01 -4.289176e-01  4.289176e-01
      vertex   4.289176e-01 -7.950217e-01  4.289176e-01
    endloop
  endfacet
  facet normal  6.746916e-01 -2.993033e-01  6.746916e-01
    outer loop
      vertex   7.950217e-01 -4.289176e-01  4.289176e-01
      vertex   7.071068e-01  0.000000e+00  7.071068e-01
      vertex   4.289176e-01 -4.289176e-01  7.950217e-01
    endloop
  endfacet
  facet normal  2.993033e-01 -6.746916e-01  6.746916e-01
    outer loop
      vertex   4.289176e-01 -7.950217e-01  4.289176e-01
      vertex   4.289176e-01 -4.289176e-01  7.950217e-01
      vertex   0.000000e+00 -7.071068e-01  7.071068e-01
    endloop
  endfacet
  facet normal  6.746916e-01  6.746916e-01 -2.993033e-01
    outer loop
      vertex   7.071068e-01  7.071068e-01  0.000000e+00
      vertex   7.950217e-01  4.289176e-01 -4.289176e-01
      vertex   4.289176e-01  7.950217e-01 -4.289176e-01
    endloop
  endfacet
  facet normal  6.746916e-01  2.993033e-01 -6.746916e-01
    outer loop
      vertex   7.950217e-01  4.289176e-01 -4.289176e-01
      vertex   7.071068e-01  0.000000e+00 -7.071068e-01
      vertex   4.289176e-01  4.289176e-01 -7.950217e-01
    endloop
  endfacet
  facet normal  2.993033e-01  6.746916e-01 -6.746916e-01
    outer loop
      vertex   4.289176e-01  7.950217e-01 -4.289176e-01
      vertex   4.289176e-01  4.289176e-01 -7.950217e-01
      vertex   0.000000e+00  7.071068e-01 -7.071068e-01
    endloop
  endfacet
  facet normal -6.746916e-01  6.746916e-01 -2.993033e-01
    outer loop
      vertex  -7.071068e-01  7.071068e-01  0.000000e+00
      vertex  -4.289176e-01  7.950217e-01 -4.289176e-01
      vertex  -7.950217e-01  4.289176e-01 -4.289176e-01
    endloop
  endfacet
  facet normal -2.993033e-01  6.746916e-01 -6.746916e-01
    outer loop
      vertex  -4.289176e-01  7.950217e-01 -4.289176e-01
      vertex   0.000000e+00  7.071068e-01 -7.071068e-01
      vertex  -4.289176e-01  4.289176e-01 -7.950217e-01
    endloop
  endfacet
  facet normal -6.746916e-01  2.993033e-01 -6.746916e-01
    outer loop
      vertex  -7.950217e-01  4.289176e-01 -4.289176e-01
      vertex  -4.289176e-01  4.289176e-01 -7.950217e-01
      vertex  -7.071068e-01  0.000000e+00 -7.071068e-01
    endloop
  endfacet
  facet normal -6.746916e-01 -6.746916e-01 -2.993033e-01
    outer loop
      vertex  -7.071068e-01 -7.071068e-01  0.000000e+00
      vertex  -7.950217e-01 -4.289176e-01 -4.289176e-01
      vertex  -4.289176e-01 -7.950217e-01 -4.289176e-01
    endloop
  endfacet
  facet normal -6.746916e-01 -2.993033e-01 -6.746916e-01
    outer loop
      vertex  -7.950217e-01 -4.289176e-01 -4.289176e-01
      vertex  -7.071068e-01  0.000000e+00 -7.071068e-01
      vertex  -4.289176e-01 -4.289176e-01 -7.950217e-01
    endloop
  endfacet
  facet normal -2.993033e-01 -6.746916e-01 -6.746916e-01
    outer loop
      vertex  -4.289176e-01 -7.950217e-01 -4.289176e-01
      vertex  -4.289176e-01 -4.289176e-01 -7.950217e-01
      vertex   0.000000e+00 -7.071068e-01 -7.071068e-01
    endloop
  endfacet
  facet normal  6.746916e-01 -6.746916e-01 -2.993033e-01
    outer loop
      vertex   7.071068e-01 -7.071068e-01  0.000000e+00
      vertex   4.289176e-01 -7.950217e-01 -4.289176e-01
      vertex   7.950217e-01 -4.289176e-01 -4.289176e-01
    endloop
  endfacet
  facet normal  2.993033e-01 -6.746916e-01 -6.746916e-01
    outer loop
      vertex   4.289176e-01 -7.950217e-01 -4.289176e-01
      vertex   0.000000e+00 -7.071068e-01 -7.071068e-01
      vertex   4.289176e-01 -4.289176e-01 -7.950217e-01
    endloop
  endfacet
  facet normal  6.746916e-01 -2.993033e-01 -6.746916e-01
    outer loop
      vertex   7.950217e-01 -4.289176e-01 -4.289176e-01
      vertex   4.289176e-01 -4.289176e-01 -7.950217e-01
      vertex   7.071068e-01  0.000000e+00 -7.071068e-01
    endloop
  endfacet
  facet normal  9.758665e-01  1.544095e-01  1.544095e-01
    outer loop
      vertex   1.000000e+00  0.000000e+00  0.000000e+00
      vertex   9.511507e-01  3.087269e-01  0.000000e+00
      vertex   9.511507e-01  0.000000e+00  3.087269e-01
    endloop
  endfacet
  facet normal  8.414762e-01  5.154808e-01  1.618560e-01
    outer loop
      vertex   9.511507e-01  3.087269e-01  0.000000e+00
      vertex   7.071068e-01  7.071068e-01  0.000000e+00
      vertex   7.950217e-01  4.289176e-01  4.289176e-01
    endloop
  endfacet
  facet normal  8.414762e-01  1.618560e-01  5.154808e-01
    outer loop
      vertex   9.511507e-01  0.000000e+00  3.087269e-01
      vertex   7.950217e-01  4.289176e-01  4.289176e-01
      vertex   7.071068e-01  0.000000e+00  7.071068e-01
    endloop
  endfacet
  facet normal  5.154808e-01  8.414762e-01  1.618560e-01
    outer loop
      vertex   7.071068e-01  7.071068e-01  0.000000e+00
      vertex   3.087269e-01  9.511507e-01  0.000000e+00
      vertex   4.289176e-01  7.950217e-01  4.289176e-01
    endloop
  endfacet
  facet normal  1.544095e-01  9.758665e-01  1.544095e-01
    outer loop
      vertex   3.087269e-01  9.511507e-01  0.000000e+00
      vertex   0.000000e+00  1.000000e+00  0.000000e+00
      vertex   0.000000e+00  9.511507e-01  3.087269e-01
    endloop
  endfacet
  facet normal  1.618561e-01  8.414762e-01  5.154808e-01
    outer loop
      vertex   4.289176e-01  7.950217e-01  4.289176e-01
      vertex   0.000000e+00  9.511507e-01  3.087269e-01
      vertex   0.000000e+00  7.071068e-01  7.071068e-01
    endloop
  endfacet
  facet normal  5.154808e-01  1.618560e-01  8.414762e-01
    outer loop
      vertex   7.071068e-01  0.000000e+00  7.071068e-01
      vertex   4.289176e-01  4.289176e-01  7.950217e-01
      vertex   3.087269e-01  0.000000e+00  9.511507e-01
    endloop
  endfacet
  facet normal  1.618561e-01  5.154808e-01  8.414762e-01
    outer loop
      vertex   4.289176e-01  4.289176e-01  7.950217e-01
      vertex   0.000000e+00  7.071068e-01  7.071068e-01
      vertex   0.000000e+00  3.087269e-01  9.511507e-01
    endloop
  endfacet
  facet normal  1.544095e-01  1.544095e-01  9.758665e-01
    outer loop
      vertex   3.087269e-01  0.000000e+00  9.511507e-01
      vertex   0.000000e+00  3.087269e-01  9.511507e-01
      vertex   0.000000e+00  0.000000e+00  1.000000e+00
    endloop
  endfacet
  facet normal -1.544095e-01  9.758665e-01  1.544095e-01
    outer loop
      vertex   0.000000e+00  1.000000e+00  0.000000e+00
      vertex  -3.087269e-01  9.511507e-01  0.000000e+00
      vertex   0.000000e+00  9.511507e-01  3.087269e-01
    endloop
  endfacet
  facet normal -5.154808e-01  8.414762e-01  1.618560e-01
    outer loop
      vertex  -3.087269e-01  9.511507e-01  0.000000e+00
      vertex  -7.071068e-01  7.071068e-01  0.000000e+00
      vertex  -4.289176e-01  7.950217e-01  4.289176e-01
    endloop
  endfacet
  facet normal -1.618560e-01  8.414762e-01  5.154808e-01
    outer loop
      vertex   0.000000e+00  9.511507e-01  3.087269e-01
      vertex  -4.289176e-01  7.950217e-01  4.289176e-01
      vertex   0.000000e+00  7.071068e-01  7.071068e-01
    endloop
  endfacet
  facet normal -8.414762e-01  5.154808e-01  1.618560e-01
    outer loop
      vertex  -7.071068e-01  7.071068e-01  0.000000e+00
      vertex  -9.511507e-01  3.087269e-01  0.000000e+00
      vertex  -7.950217e-01  4.289176e-01  4.289176e-01
    endloop
  endfacet
  facet normal -9.758665e-01  1.544095e-01  1.544095e-01
    outer loop
      vertex  -9.511507e-01  3.087269e-01  0.000000e+00
      vertex  -1.000000e+00  0.000000e+00  0.000000e+00
      vertex  -9.511507e-01  0.000000e+00  3.087269e-01
    endloop
  endfacet
  facet normal -8.414762e-01  1.618561e-01  5.154808e-01
    outer loop
      vertex  -7.950217e-01  4.289176e-01  4.289176e-01
      vertex  -9.511507e-01  0.000000e+00  3.087269e-01
      vertex  -7.071068e-01  0.000000e+00  7.071068e-01
    endloop
  endfacet
  facet normal -1.618560e-01  5.154808e-01  8.414762e-01
    outer loop
      vertex   0.000000e+00  7.071068e-01  7.071068e-01
      vertex  -4.289176e-01  4.289176e-01  7.950217e-01
      vertex   0.000000e+00  3.087269e-01  9.511507e-01
    endloop
  endfacet
  facet normal -5.154808e-01  1.618561e-01  8.414762e-01
    outer loop
      vertex  -4.289176e-01  4.289176e-01  7.950217e-01
      vertex  -7.071068e-01  0.000000e+00  7.071068e-01
      vertex  -3.087269e-01  0.000000e+00  9.511507e-01
    endloop
  endfacet
  facet normal -1.544095e-01  1.544095e-01  9.758665e-01
    outer loop
      vertex   0.000000e+00  3.087269e-01  9.511507e-01
      vertex  -3.087269e-01  0.000000e+00  9.511507e-01
      vertex   0.000000e+00  0.000000e+00  1.000000e+00
    endloop
  endfacet
  facet normal -9.758665e-01 -1.544095e-01  1.544095e-01
    outer loop
      vertex  -1.000000e+00  0.000000e+00  0.000000e+00
      vertex  -9.511507e-01 -3.087269e-01  0.000000e+00
      vertex  -9.511507e-01  0.000000e+00  3.087269e-01
    endloop
  endfacet
  facet normal -8.414762e-01 -5.154808e-01  1.618560e-01
    outer loop
      vertex  -9.511507e-01 -3.087269e-01  0.000000e+00
      vertex  -7.071068e-01 -7.071068e-01  0.000000e+00
      vertex  -7.950217e-01 -4.289176e-01  4.289176e-01
    endloop
  endfacet
  facet normal -8.414762e-01 -1.618560e-01  5.154808e-01
    outer loop
      vertex  -9.511507e-01  0.000000e+00  3.087269e-01
      vertex  -7.950217e-01 -4.289176e-01  4.289176e-01
      vertex  -7.071068e-01  0.000000e+00  7.071068e-01
    endloop
  endfacet
  facet normal -5.154808e-01 -8.414762e-01  1.618560e-01
    outer loop
      vertex  -7.071068e-01 -7.071068e-01  0.000000e+00
      vertex  -3.087269e-01 -9.511507e-01  0.000000e+00
      vertex  -4.289176e-01 -7.950217e-01  4.289176e-01
    endloop
  endfacet
  facet normal -1.544095e-01 -9.758665e-01  1.544095e-01
    outer loop
      vertex  -3.087269e-01 -9.511507e-01  0.000000e+00
      vertex   0.000000e+00 -1.000000e+00  0.000000e+00
      vertex   0.000000e+00 -9.511507e-01  3.087269e-01
    endloop
  endfacet
  facet normal -1.618561e-01 -8.414762e-01  5.154808e-01
    outer loop
      vertex  -4.289176e-01 -7.950217e-01  4.289176e-01
      vertex   0.000000e+00 -9.511507e-01  3.087269e-01
      vertex   0.000000e+00 -7.071068e-01  7.071068e-01
    endloop
  endfacet
  facet normal -5.154808e-01 -1.618560e-01  8.414762e-01
    outer loop
      vertex  -7.071068e-01  0.000000e+00  7.071068e-01
      vertex  -4.289176e-01 -4.289176e-01  7.950217e-01
      vertex  -3.087269e-01  0.000000e+00  9.511507e-01
    endloop
  endfacet
  facet normal -1.618561e-01 -5.154808e-01  8.414762e-01
    outer loop
      vertex  -4.289176e-01 -4.289176e-01  7.950217e-01
      vertex   0.000000e+00 -7.071068e-01  7.071068e-01
      vertex   0.000000e+00 -3.087269e-01  9.511507e-01
    endloop
  endfacet
  facet normal -1.544095e-01 -1.544095e-01  9.758665e-01
    outer loop
      vertex  -3.087269e-01  0.000000e+00  9.511507e-01
      vertex   0.000000e+00 -3.087269e-01  9.511507e-01
      vertex   0.000000e+00  0.000000e+00  1.000000e+00
    endloop
  endfacet
  facet normal  1.544095e-01 -9.758665e-01  1.544095e-01
    outer loop
      vertex   0.000000e+00 -1.000000e+00  0.000000e+00
      vertex   3.087269e-01 -9.511507e-01  0.000000e+00
      vertex   0.000000e+00 -9.511507e-01  3.087269e-01
    endloop
  endfacet
  facet normal  5.154808e-01 -8.414762e-01  1.618560e-01
    outer loop
      vertex   3.087269e-01 -9.511507e-01  0.000000e+00
      vertex   7.071068e-01 -7.071068e-01  0.000000e+00
      vertex   4.289176e-01 -7.950217e-01  4.289176e-01
    endloop
  endfacet
  facet normal  1.618560e-01 -8.414762e-01  5.154808e-01
    outer loop
      vertex   0.000000e+00 -9.511507e-01  3.087269e-01
      vertex   4.289176e-01 -7.950217e-01  4.289176e-01
      vertex   0.000000e+00 -7.071068e-01  7.071068e-01
    endloop
  endfacet
  facet normal  8.414762e-01 -5.154808e-01  1.618560e-01
    outer loop
      vertex   7.071068e-01 -7.071068e-01  0.000000e+00
      vertex   9.511507e-01 -3.087269e-01  0.000000e+00
      vertex   7.950217e-01 -4.289176e-01  4.289176e-01
    endloop
  endfacet
  facet normal  9.758665e-01 -1.544095e-01  1.544095e-01
    outer loop
      vertex   9.511507e-01 -3.087269e-01  0.000000e+00
      vertex   1.000000e+00  0.000000e+00  0.000000e+00
      vertex   9.511507e-01  0.000000e+00  3.087269e-01
    endloop
  endfacet
  facet normal  8.414762e-01 -1.618561e-01  5.154808e-01
    outer loop
      vertex   7.950217e-01 -4.289176e-01  4.289176e-01
      vertex   9.511507e-01  0.000000e+00  3.087269e-01
      vertex   7.071068e-01  0.000000e+00  7.071068e-01
    endloop
  endfacet
  facet normal  1.618560e-01 -5.154808e-01  8.414762e-01
    outer loop
      vertex   0.000000e+00 -7.071068e-01  7.071068e-01
      vertex   4.289176e-01 -4.289176e-01  7.950217e-01
      vertex   0.000000e+00 -3.087269e-01  9.511507e-01
    endloop
  endfacet
  facet normal  5.154808e-01 -1.618561e-01  8.414762e-01
    outer loop
      vertex   4.289176e-01 -4.289176e-01  7.950217e-01
      vertex   7.071068e-01  0.000000e+00  7.071068e-01
      vertex   3.087269e-01  0.000000e+00  9.511507e-01
    endloop
  endfacet
  facet normal  1.544095e-01 -1.544095e-01  9.758665e-01
    outer loop
      vertex   0.000000e+00 -3.087269e-01  9.511507e-01
      vertex   3.087269e-01  0.000000e+00  9.511507e-01
      vertex   0.000000e+00  0.000000e+00  1.000000e+00
    endloop
  endfacet
  facet normal  1.544095e-01  9.758665e-01 -1.544095e-01
    outer loop
      vertex   0.000000e+00  1.000000e+00  0.000000e+00
      vertex   3.087269e-01  9.511507e-01  0.000000e+00
      vertex   0.000000e+00  9.511507e-01 -3.087269e-01
    endloop
  endfacet
  facet normal  5.154808e-01  8.414762e-01 -1.618560e-01
    outer loop
      vertex   3.087269e-01  9.511507e-01  0.000000e+00
      vertex   7.071068e-01  7.071068e-01  0.000000e+00
      vertex   4.289176e-01  7.950217e-01 -4.289176e-01
    endloop
  endfacet
  facet normal  1.618560e-01  8.414762e-01 -5.154808e-01
    outer loop
      vertex   0.000000e+00  9.511507e-01 -3.087269e-01
      vertex   4.289176e-01  7.950217e-01 -4.289176e-01
      vertex   0.000000e+00  7.071068e-01 -7.071068e-01
    endloop
  endfacet
  facet normal  8.414762e-01  5.154808e-01 -1.618560e-01
    outer loop
      vertex   7.071068e-01  7.071068e-01  0.000000e+00
      vertex   9.511507e-01  3.087269e-01  0.000000e+00
      vertex   7.950217e-01  4.289176e-01 -4.289176e-01
    endloop
  endfacet
  facet normal  9.758665e-01  1.544095e-01 -1.544095e-01
    outer loop
      vertex   9.511507e-01  3.087269e-01  0.000000e+00
      vertex   1.000000e+00  0.000000e+00  0.000000e+00
      vertex   9.511507e-01  0.000000e+00 -3.087269e-01
    endloop
  endfacet
  facet normal  8.414762e-01  1.618561e-01 -5.154808e-01
    outer loop
      vertex   7.950217e-01  4.289176e-01 -4.289176e-01
      vertex   9.511507e-01  0.000000e+00 -3.087269e-01
      vertex   7.071068e-01  0.000000e+00 -7.071068e-01
    endloop
  endfacet
  facet normal  1.618560e-01  5.154808e-01 -8.414762e-01
    outer loop
      vertex   0.000000e+00  7.071068e-01 -7.071068e-01
      vertex   4.289176e-01  4.289176e-01 -7.950217e-01
      vertex   0.000000e+00  3.087269e-01 -9.511507e-01
    endloop
  endfacet
  facet normal  5.154808e-01  1.618561e-01 -8.414762e-01
    outer loop
      vertex   4.289176e-01  4.289176e-01 -7.950217e-01
      vertex   7.071068e-01  0.000000e+00 -7.071068e-01
      vertex   3.087269e-01  0.000000e+00 -9.511507e-01
    endloop
  endfacet
  facet normal  1.544095e-01  1.544095e-01 -9.758665e-01
    outer loop
      vertex   0.000000e+00  3.087269e-01 -9.511507e-01
      vertex   3.087269e-01  0.000000e+00 -9.511507e-01
      vertex   0.000000e+00  0.000000e+00 -1.000000e+00
    endloop
  endfacet
  facet normal -9.758665e-01  1.544095e-01 -1.544095e-01
    outer loop
      vertex  -1.000000e+00  0.000000e+00  0.000000e+00
      vertex  -9.511507e-01  3.087269e-01  0.000000e+00
      vertex  -9.511507e-01  0.000000e+00 -3.087269e-01
    endloop
  endfacet
  facet normal -8.414762e-01  5.154808e-01 -1.618560e-01
    outer loop
      vertex  -9.511507e-01  3.087269e-01  0.000000e+00
      vertex  -7.071068e-01  7.071068e-01  0.000000e+00
      vertex  -7.950217e-01  4.289176e-01 -4.289176e-01
    endloop
  endfacet
  facet normal -8.414762e-01  1.618560e-01 -5.154808e-01
    outer loop
      vertex  -9.511507e-01  0.000000e+00 -3.087269e-01
      vertex  -7.950217e-01  4.289176e-01 -4.289176e-01
      vertex  -7.071068e-01  0.000000e+00 -7.071068e-01
    endloop
  endfacet
  facet normal -5.154808e-01  8.414762e-01 -1.618560e-01
    outer loop
      vertex  -7.071068e-01  7.071068e-01  0.000000e+00
      vertex  -3.087269e-01  9.511507e-01  0.000000e+00
      vertex  -4.289176e-01  7.950217e-01 -4.289176e-01
    endloop
  endfacet
  facet normal -1.544095e-01  9.758665e-01 -1.544095e-01
    outer loop
      vertex  -3.087269e-01  9.511507e-01  0.000000e+00
      vertex   0.000000e+00  1.000000e+00  0.000000e+00
      vertex   0.000000e+00  9.511507e-01 -3.087269e-01
    endloop
  endfacet
  facet normal -1.618561e-01  8.414762e-01 -5.154808e-01
    outer loop
      vertex  -4.289176e-01  7.950217e-01 -4.289176e-01
      vertex   0.000000e+00  9.511507e-01 -3.087269e-01
      vertex   0.000000e+00  7.071068e-01 -7.071068e-01
    endloop
  endfacet
  facet normal -5.154808e-01  1.618560e-01 -8.414762e-01
    outer loop
      vertex  -7.071068e-01  0.000000e+00 -7.071068e-01
      vertex  -4.289176e-01  4.289176e-01 -7.950217e-01
      vertex  -3.087269e-01  0.000000e+00 -9.511507e-01
    endloop
  endfacet
  facet normal -1.618561e-01  5.154808e-01 -8.414762e-01
    outer loop
      vertex  -4.289176e-01  4.289176e-01 -7.950217e-01
      vertex   0.000000e+00  7.071068e-01 -7.071068e-01
      vertex   0.000000e+00  3.087269e-01 -9.511507e-01
    endloop
  endfacet
  facet normal -1.544095e-01  1.544095e-01 -9.758665e-01
    outer loop
      vertex  -3.087269e-01  0.000000e+00 -9.511507e-01
      vertex   0.000000e+00  3.087269e-01 -9.511507e-01
      vertex   0.000000e+00  0.000000e+00 -1.000000e+00
    endloop
  endfacet
  facet normal -1.544095e-01 -9.758665e-01 -1.544095e-01
    outer loop
      vertex   0.000000e+00 -1.000000e+00  0.000000e+00
      vertex  -3.087269e-01 -9.511507e-01  0.000000e+00
      vertex   0.000000e+00 -9.511507e-01 -3.087269e-01
    endloop
  endfacet
  facet normal -5.154808e-01 -8.414762e-01 -1.618560e-01
    outer loop
      vertex  -3.087269e-01 -9.511507e-01  0.000000e+00
      vertex  -7.071068e-01 -7.071068e-01  0.000000e+00
      vertex  -4.289176e-01 -7.950217e-01 -4.289176e-01
    endloop
  endfacet
  facet normal -1.618560e-01 -8.414762e-01 -5.154808e-01
    outer loop
      vertex   0.000000e+00 -9.511507e-01 -3.087269e-01
      vertex  -4.289176e-01 -7.950217e-01 -4.289176e-01
      vertex   0.000000e+00 -7.071068e-01 -7.071068e-01
    endloop
  endfacet
  facet normal -8.414762e-01 -5.154808e-01 -1.618560e-01
    outer loop
      vertex  -7.071068e-01 -7.071068e-01  0.000000e+00
      vertex  -9.511507e-01 -3.087269e-01  0.000000e+00
      vertex  -7.950217e-01 -4.289176e-01 -4.289176e-01
    endloop
  endfacet
  facet normal -9.758665e-01 -1.544095e-01 -1.544095e-01
    outer loop
      vertex  -9.511507e-01 -3.087269e-01  0.000000e+00
      vertex  -1.000000e+00  0.000000e+00  0.000000e+00
      vertex  -9.511507e-01  0.000000e+00 -3.087269e-01
    endloop
  endfacet
  facet normal -8.414762e-01 -1.618561e-01 -5.154808e-01
    outer loop
      vertex  -7.950217e-01 -4.289176e-01 -4.289176e-01
      vertex  -9.511507e-01  0.000000e+00 -3.087269e-01
      vertex  -7.071068e-01  0.000000e+00 -7.071068e-01
    endloop
  endfacet
  facet normal -1.618560e-01 -5.154808e-01 -8.414762e-01
    outer loop
      vertex   0.000000e+00 -7.071068e-01 -7.071068e-01
      vertex  -4.289176e-01 -4.289176e-01 -7.950217e-01
      vertex   0.000000e+00 -3.087269e-01 -9.511507e-01
    endloop
  endfacet
  facet normal -5.154808e-01 -1.618561e-01 -8.414762e-01
    outer loop
      vertex  -4.289176e-01 -4.289176e-01 -7.950217e-01
      vertex  -7.071068e-01  0.000000e+00 -7.071068e-01
      vertex  -3.087269e-01  0.000000e+00 -9.511507e-01
    endloop
  endfacet
  facet normal -1.544095e-01 -1.544095e-01 -9.758665e-01
    outer loop
      vertex   0.000000e+00 -3.087269e-01 -9.511507e-01
      vertex  -3.087269e-01  0.000000e+00 -9.511507e-01
      vertex   0.000000e+00  0.000000e+00 -1.000000e+00
    endloop
  endfacet
  facet normal  9.758665e-01 -1.544095e-01 -1.544095e-01
    outer loop
      vertex   1.000000e+00  0.000000e+00  0.000000e+00
      vertex   9.511507e-01 -3.087269e-01  0.000000e+00
      vertex   9.511507e-01  0.000000e+00 -3.087269e-01
    endloop
  endfacet
  facet normal  8.414762e-01 -5.154808e-01 -1.618560e-01
    outer loop
      vertex   9.511507e-01 -3.087269e-01  0.000000e+00
      vertex   7.071068e-01 -7.071068e-01  0.000000e+00
      vertex   7.950217e-01 -4.289176e-01 -4.289176e-01
    endloop
  endfacet
  facet normal  8.414762e-01 -1.618560e-01 -5.154808e-01
    outer loop
      vertex   9.511507e-01  0.000000e+00 -3.087269e-01
      vertex   7.950217e-01 -4.289176e-01 -4.289176e-01
      vertex   7.071068e-01  0.000000e+00 -7.071068e-01
    endloop
  endfacet
  facet normal  5.154808e-01 -8.414762e-01 -1.618560e-01
    outer loop
      vertex   7.071068e-01 -7.071068e-01  0.000000e+00
      vertex   3.087269e-01 -9.511507e-01  0.000000e+00
      vertex   4.289176e-01 -7.950217e-01 -4.289176e-01
    endloop
  endfacet
  facet normal  1.544095e-01 -9.758665e-01 -1.544095e-01
    outer loop
      vertex   3.087269e-01 -9.511507e-01  0.000000e+00
      vertex   0.000000e+00 -1.000000e+00  0.000000e+00
      vertex   0.000000e+00 -9.511507e-01 -3.087269e-01
    endloop
  endfacet
  facet normal  1.618561e-01 -8.414762e-01 -5.154808e-01
    outer loop
      vertex   4.289176e-01 -7.950217e-01 -4.289176e-01
      vertex   0.000000e+00 -9.511507e-01 -3.087269e-01
      vertex   0.000000e+00 -7.071068e-01 -7.071068e-01
    endloop
  endfacet
  facet normal  5.154808e-01 -1.618560e-01 -8.414762e-01
    outer loop
      vertex   7.071068e-01  0.000000e+00 -7.071068e-01
      vertex   4.289176e-01 -4.289176e-01 -7.950217e-01
      vertex   3.087269e-01  0.000000e+00 -9.511507e-01
    endloop
  endfacet
  facet normal  1.618561e-01 -5.154808e-01 -8.414762e-01
    outer loop
      vertex   4.289176e-01 -4.289176e-01 -7.950217e-01
      vertex   0.000000e+00 -7.071068e-01 -7.071068e-01
      vertex   0.000000e+00 -3.087269e-01 -9.511507e-01
    endloop
  endfacet
  facet normal  1.544095e-01 -1.544095e-01 -9.758665e-01
    outer loop
      vertex   3.087269e-01  0.000000e+00 -9.511507e-01
      vertex   0.000000e+00 -3.087269e-01 -9.511507e-01
      vertex   0.000000e+00  0.000000e+00 -1.000000e+00
    endloop
  endfacet
endsolid vcg
