solid STL generated by MeshLab
  facet normal  5.773503e-01  5.773503e-01  5.773503e-01
    outer loop
      vertex   5.430459e-01  5.430459e-01  6.372668e-01
      vertex   6.372668e-01  5.430459e-01  5.430459e-01
      vertex   5.430459e-01  6.372668e-01  5.430459e-01
    endloop
  endfacet
  facet normal -5.773503e-01  5.773503e-01  5.773503e-01
    outer loop
      vertex  -5.430459e-01  5.430459e-01  6.372668e-01
      vertex  -5.430459e-01  6.372668e-01  5.430459e-01
      vertex  -6.372668e-01  5.430459e-01  5.430459e-01
    endloop
  endfacet
  facet normal -5.773503e-01 -5.773503e-01  5.773503e-01
    outer loop
      vertex  -5.430459e-01 -5.430459e-01  6.372668e-01
      vertex  -6.372668e-01 -5.430459e-01  5.430459e-01
      vertex  -5.430459e-01 -6.372668e-01  5.430459e-01
    endloop
  endfacet
  facet normal  5.773503e-01 -5.773503e-01  5.773503e-01
    outer loop
      vertex   5.430459e-01 -5.430459e-01  6.372668e-01
      vertex   5.430459e-01 -6.372668e-01  5.430459e-01
      vertex   6.372668e-01 -5.430459e-01  5.430459e-01
    endloop
  endfacet
  facet normal  5.773503e-01  5.773503e-01 -5.773503e-01
    outer loop
      vertex   5.430459e-01  5.430459e-01 -6.372668e-01
      vertex   5.430459e-01  6.372668e-01 -5.430459e-01
      vertex   6.372668e-01  5.430459e-01 -5.430459e-01
    endloop
  endfacet
  facet normal -5.773503e-01  5.773503e-01 -5.773503e-01
    outer loop
      vertex  -5.430459e-01  5.430459e-01 -6.372668e-01
      vertex  -6.372668e-01  5.430459e-01 -5.430459e-01
      vertex  -5.430459e-01  6.372668e-01 -5.430459e-01
    endloop
  endfacet
  facet normal -5.773503e-01 -5.773503e-01 -5.773503e-01
    outer loop
      vertex  -5.430459e-01 -5.430459e-01 -6.372668e-01
      vertex  -5.430459e-01 -6.372668e-01 -5.430459e-01
      vertex  -6.372668e-01 -5.430459e-01 -5.430459e-01
    endloop
  endfacet
  facet normal  5.773503e-01 -5.773503e-01 -5.773503e-01
    outer loop
      vertex   5.430459e-01 -5.430459e-01 -6.372668e-01
      vertex   6.372668e-01 -5.430459e-01 -5.430459e-01
      vertex   5.430459e-01 -6.372668e-01 -5.430459e-01
    endloop
  endfacet
  facet normal  9.286535e-01  2.623000e-01  2.623000e-01
    outer loop
      vertex   9.057347e-01  3.004809e-01  3.004809e-01
      vertex   9.427115e-01  1.940038e-01  2.760447e-01
      vertex   9.427115e-01  2.760447e-01  1.940038e-01
    endloop
  endfacet
  facet normal  2.623001e-01  9.286535e-01  2.623001e-01
    outer loop
      vertex   1.940038e-01  9.427115e-01  2.760447e-01
      vertex   3.004809e-01  9.057347e-01  3.004809e-01
      vertex   2.760447e-01  9.427115e-01  1.940038e-01
    endloop
  endfacet
  facet normal  2.623001e-01  2.623001e-01  9.286535e-01
    outer loop
      vertex   1.940038e-01  2.760447e-01  9.427115e-01
      vertex   2.760447e-01  1.940038e-01  9.427115e-01
      vertex   3.004809e-01  3.004809e-01  9.057347e-01
    endloop
  endfacet
  facet normal -2.623000e-01  9.286535e-01  2.623000e-01
    outer loop
      vertex  -3.004809e-01  9.057347e-01  3.004809e-01
      vertex  -1.940038e-01  9.427115e-01  2.760447e-01
      vertex  -2.760447e-01  9.427115e-01  1.940038e-01
    endloop
  endfacet
  facet normal -9.286535e-01  2.623001e-01  2.623001e-01
    outer loop
      vertex  -9.427115e-01  1.940038e-01  2.760447e-01
      vertex  -9.057347e-01  3.004809e-01  3.004809e-01
      vertex  -9.427115e-01  2.760447e-01  1.940038e-01
    endloop
  endfacet
  facet normal -2.623001e-01  2.623001e-01  9.286535e-01
    outer loop
      vertex  -2.760447e-01  1.940038e-01  9.427115e-01
      vertex  -1.940038e-01  2.760447e-01  9.427115e-01
      vertex  -3.004809e-01  3.004809e-01  9.057347e-01
    endloop
  endfacet
  facet normal -9.286535e-01 -2.623000e-01  2.623000e-01
    outer loop
      vertex  -9.057347e-01 -3.004809e-01  3.004809e-01
      vertex  -9.427115e-01 -1.940038e-01  2.760447e-01
      vertex  -9.427115e-01 -2.760447e-01  1.940038e-01
    endloop
  endfacet
  facet normal -2.623001e-01 -9.286535e-01  2.623001e-01
    outer loop
      vertex  -1.940038e-01 -9.427115e-01  2.760447e-01
      vertex  -3.004809e-01 -9.057347e-01  3.004809e-01
      vertex  -2.760447e-01 -9.427115e-01  1.940038e-01
    endloop
  endfacet
  facet normal -2.623001e-01 -2.623001e-01  9.286535e-01
    outer loop
      vertex  -1.940038e-01 -2.760447e-01  9.427115e-01
      vertex  -2.760447e-01 -1.940038e-01  9.427115e-01
      vertex  -3.004809e-01 -3.004809e-01  9.057347e-01
    endloop
  endfacet
  facet normal  2.623000e-01 -9.286535e-01  2.623000e-01
    outer loop
      vertex   3.004809e-01 -9.057347e-01  3.004809e-01
      vertex   1.940038e-01 -9.427115e-01  2.760447e-01
      vertex   2.760447e-01 -9.427115e-01  1.940038e-01
    endloop
  endfacet
  facet normal  9.286535e-01 -2.623001e-01  2.623001e-01
    outer loop
      vertex   9.427115e-01 -1.940038e-01  2.760447e-01
      vertex   9.057347e-01 -3.004809e-01  3.004809e-01
      vertex   9.427115e-01 -2.760447e-01  1.940038e-01
    endloop
  endfacet
  facet normal  2.623001e-01 -2.623001e-01  9.286535e-01
    outer loop
      vertex   2.760447e-01 -1.940038e-01  9.427115e-01
      vertex   1.940038e-01 -2.760447e-01  9.427115e-01
      vertex   3.004809e-01 -3.004809e-01  9.057347e-01
    endloop
  endfacet
  facet normal  2.623000e-01  9.286535e-01 -2.623000e-01
    outer loop
      vertex   3.004809e-01  9.057347e-01 -3.004809e-01
      vertex   1.940038e-01  9.427115e-01 -2.760447e-01
      vertex   2.760447e-01  9.427115e-01 -1.940038e-01
    endloop
  endfacet
  facet normal  9.286535e-01  2.623001e-01 -2.623001e-01
    outer loop
      vertex   9.427115e-01  1.940038e-01 -2.760447e-01
      vertex   9.057347e-01  3.004809e-01 -3.004809e-01
      vertex   9.427115e-01  2.760447e-01 -1.940038e-01
    endloop
  endfacet
  facet normal  2.623001e-01  2.623001e-01 -9.286535e-01
    outer loop
      vertex   2.760447e-01  1.940038e-01 -9.427115e-01
      vertex   1.940038e-01  2.760447e-01 -9.427115e-01
      vertex   3.004809e-01  3.004809e-01 -9.057347e-01
    endloop
  endfacet
  facet normal -9.286535e-01  2.623000e-01 -2.623000e-01
    outer loop
      vertex  -9.057347e-01  3.004809e-01 -3.004809e-01
      vertex  -9.427115e-01  1.940038e-01 -2.760447e-01
      vertex  -9.427115e-01  2.760447e-01 -1.940038e-01
    endloop
  endfacet
  facet normal -2.623001e-01  9.286535e-01 -2.623001e-01
    outer loop
      vertex  -1.940038e-01  9.427115e-01 -2.760447e-01
      vertex  -3.004809e-01  9.057347e-01 -3.004809e-01
      vertex  -2.760447e-01  9.427115e-01 -1.940038e-01
    endloop
  endfacet
  facet normal -2.623001e-01  2.623001e-01 -9.286535e-01
    outer loop
      vertex  -1.940038e-01  2.760447e-01 -9.427115e-01
      vertex  -2.760447e-01  1.940038e-01 -9.427115e-01
      vertex  -3.004809e-01  3.004809e-01 -9.057347e-01
    endloop
  endfacet
  facet normal -2.623000e-01 -9.286535e-01 -2.623000e-01
    outer loop
      vertex  -3.004809e-01 -9.057347e-01 -3.004809e-01
      vertex  -1.940038e-01 -9.427115e-01 -2.760447e-01
      vertex  -2.760447e-01 -9.427115e-01 -1.940038e-01
    endloop
  endfacet
  facet normal -9.286535e-01 -2.623001e-01 -2.623001e-01
    outer loop
      vertex  -9.427115e-01 -1.940038e-01 -2.760447e-01
      vertex  -9.057347e-01 -3.004809e-01 -3.004809e-01
      vertex  -9.427115e-01 -2.760447e-01 -1.940038e-01
    endloop
  endfacet
  facet normal -2.623001e-01 -2.623001e-01 -9.286535e-01
    outer loop
      vertex  -2.760447e-01 -1.940038e-01 -9.427115e-01
      vertex  -1.940038e-01 -2.760447e-01 -9.427115e-01
      vertex  -3.004809e-01 -3.004809e-01 -9.057347e-01
    endloop
  endfacet
  facet normal  9.286535e-01 -2.623000e-01 -2.623000e-01
    outer loop
      vertex   9.057347e-01 -3.004809e-01 -3.004809e-01
      vertex   9.427115e-01 -1.940038e-01 -2.760447e-01
      vertex   9.427115e-01 -2.760447e-01 -1.940038e-01
    endloop
  endfacet
  facet normal  2.623001e-01 -9.286535e-01 -2.623001e-01
    outer loop
      vertex   1.940038e-01 -9.427115e-01 -2.760447e-01
      vertex   3.004809e-01 -9.057347e-01 -3.004809e-01
      vertex   2.760447e-01 -9.427115e-01 -1.940038e-01
    endloop
  endfacet
  facet normal  2.623001e-01 -2.623001e-01 -9.286535e-01
    outer loop
      vertex   1.940038e-01 -2.760447e-01 -9.427115e-01
      vertex   2.760447e-01 -1.940038e-01 -9.427115e-01
      vertex   3.004809e-01 -3.004809e-01 -9.057347e-01
    endloop
  endfacet
  facet normal  6.739962e-01  6.739962e-01  3.024205e-01
    outer loop
      vertex   6.172140e-01  7.090749e-01  3.367903e-01
      vertex   7.090749e-01  6.172140e-01  3.367903e-01
      vertex   6.877051e-01  6.877051e-01  2.273151e-01
    endloop
  endfacet
  facet normal  3.024208e-01  6.739962e-01  6.739962e-01
    outer loop
      vertex   2.273151e-01  6.877051e-01  6.877051e-01
      vertex   3.367903e-01  6.172140e-01  7.090749e-01
      vertex   3.367903e-01  7.090749e-01  6.172140e-01
    endloop
  endfacet
  facet normal  6.739962e-01  3.024208e-01  6.739962e-01
    outer loop
      vertex   6.172140e-01  3.367903e-01  7.090749e-01
      vertex   6.877051e-01  2.273151e-01  6.877051e-01
      vertex   7.090749e-01  3.367903e-01  6.172140e-01
    endloop
  endfacet
  facet normal -6.739962e-01  6.739962e-01  3.024205e-01
    outer loop
      vertex  -7.090749e-01  6.172140e-01  3.367903e-01
      vertex  -6.172140e-01  7.090749e-01  3.367903e-01
      vertex  -6.877051e-01  6.877051e-01  2.273151e-01
    endloop
  endfacet
  facet normal -6.739962e-01  3.024208e-01  6.739962e-01
    outer loop
      vertex  -6.877051e-01  2.273151e-01  6.877051e-01
      vertex  -6.172140e-01  3.367903e-01  7.090749e-01
      vertex  -7.090749e-01  3.367903e-01  6.172140e-01
    endloop
  endfacet
  facet normal -3.024208e-01  6.739962e-01  6.739962e-01
    outer loop
      vertex  -3.367903e-01  6.172140e-01  7.090749e-01
      vertex  -2.273151e-01  6.877051e-01  6.877051e-01
      vertex  -3.367903e-01  7.090749e-01  6.172140e-01
    endloop
  endfacet
  facet normal -6.739962e-01 -6.739962e-01  3.024205e-01
    outer loop
      vertex  -6.172140e-01 -7.090749e-01  3.367903e-01
      vertex  -7.090749e-01 -6.172140e-01  3.367903e-01
      vertex  -6.877051e-01 -6.877051e-01  2.273151e-01
    endloop
  endfacet
  facet normal -3.024208e-01 -6.739962e-01  6.739962e-01
    outer loop
      vertex  -2.273151e-01 -6.877051e-01  6.877051e-01
      vertex  -3.367903e-01 -6.172140e-01  7.090749e-01
      vertex  -3.367903e-01 -7.090749e-01  6.172140e-01
    endloop
  endfacet
  facet normal -6.739962e-01 -3.024208e-01  6.739962e-01
    outer loop
      vertex  -6.172140e-01 -3.367903e-01  7.090749e-01
      vertex  -6.877051e-01 -2.273151e-01  6.877051e-01
      vertex  -7.090749e-01 -3.367903e-01  6.172140e-01
    endloop
  endfacet
  facet normal  6.739962e-01 -6.739962e-01  3.024205e-01
    outer loop
      vertex   7.090749e-01 -6.172140e-01  3.367903e-01
      vertex   6.172140e-01 -7.090749e-01  3.367903e-01
      vertex   6.877051e-01 -6.877051e-01  2.273151e-01
    endloop
  endfacet
  facet normal  6.739962e-01 -3.024208e-01  6.739962e-01
    outer loop
      vertex   6.877051e-01 -2.273151e-01  6.877051e-01
      vertex   6.172140e-01 -3.367903e-01  7.090749e-01
      vertex   7.090749e-01 -3.367903e-01  6.172140e-01
    endloop
  endfacet
  facet normal  3.024208e-01 -6.739962e-01  6.739962e-01
    outer loop
      vertex   3.367903e-01 -6.172140e-01  7.090749e-01
      vertex   2.273151e-01 -6.877051e-01  6.877051e-01
      vertex   3.367903e-01 -7.090749e-01  6.172140e-01
    endloop
  endfacet
  facet normal  6.739962e-01  6.739962e-01 -3.024205e-01
    outer loop
      vertex   7.090749e-01  6.172140e-01 -3.367903e-01
      vertex   6.172140e-01  7.090749e-01 -3.367903e-01
      vertex   6.877051e-01  6.877051e-01 -2.273151e-01
    endloop
  endfacet
  facet normal  6.739962e-01  3.024208e-01 -6.739962e-01
    outer loop
      vertex   6.877051e-01  2.273151e-01 -6.877051e-01
      vertex   6.172140e-01  3.367903e-01 -7.090749e-01
      vertex   7.090749e-01  3.367903e-01 -6.172140e-01
    endloop
  endfacet
  facet normal  3.024208e-01  6.739962e-01 -6.739962e-01
    outer loop
      vertex   3.367903e-01  6.172140e-01 -7.090749e-01
      vertex   2.273151e-01  6.877051e-01 -6.877051e-01
      vertex   3.367903e-01  7.090749e-01 -6.172140e-01
    endloop
  endfacet
  facet normal -6.739962e-01  6.739962e-01 -3.024205e-01
    outer loop
      vertex  -6.172140e-01  7.090749e-01 -3.367903e-01
      vertex  -7.090749e-01  6.172140e-01 -3.367903e-01
      vertex  -6.877051e-01  6.877051e-01 -2.273151e-01
    endloop
  endfacet
  facet normal -3.024208e-01  6.739962e-01 -6.739962e-01
    outer loop
      vertex  -2.273151e-01  6.877051e-01 -6.877051e-01
      vertex  -3.367903e-01  6.172140e-01 -7.090749e-01
      vertex  -3.367903e-01  7.090749e-01 -6.172140e-01
    endloop
  endfacet
  facet normal -6.739962e-01  3.024208e-01 -6.739962e-01
    outer loop
      vertex  -6.172140e-01  3.367903e-01 -7.090749e-01
      vertex  -6.877051e-01  2.273151e-01 -6.877051e-01
      vertex  -7.090749e-01  3.367903e-01 -6.172140e-01
    endloop
  endfacet
  facet normal -6.739962e-01 -6.739962e-01 -3.024205e-01
    outer loop
      vertex  -7.090749e-01 -6.172140e-01 -3.367903e-01
      vertex  -6.172140e-01 -7.090749e-01 -3.367903e-01
      vertex  -6.877051e-01 -6.877051e-01 -2.273151e-01
    endloop
  endfacet
  facet normal -6.739962e-01 -3.024208e-01 -6.739962e-01
    outer loop
      vertex  -6.877051e-01 -2.273151e-01 -6.877051e-01
      vertex  -6.172140e-01 -3.367903e-01 -7.090749e-01
      vertex  -7.090749e-01 -3.367903e-01 -6.172140e-01
    endloop
  endfacet
  facet normal -3.024208e-01 -6.739962e-01 -6.739962e-01
    outer loop
      vertex  -3.367903e-01 -6.172140e-01 -7.090749e-01
      vertex  -2.273151e-01 -6.877051e-01 -6.877051e-01
      vertex  -3.367903e-01 -7.090749e-01 -6.172140e-01
    endloop
  endfacet
  facet normal  6.739962e-01 -6.739962e-01 -3.024205e-01
    outer loop
      vertex   6.172140e-01 -7.090749e-01 -3.367903e-01
      vertex   7.090749e-01 -6.172140e-01 -3.367903e-01
      vertex   6.877051e-01 -6.877051e-01 -2.273151e-01
    endloop
  endfacet
  facet normal  3.024208e-01 -6.739962e-01 -6.739962e-01
    outer loop
      vertex   2.273151e-01 -6.877051e-01 -6.877051e-01
      vertex   3.367903e-01 -6.172140e-01 -7.090749e-01
      vertex   3.367903e-01 -7.090749e-01 -6.172140e-01
    endloop
  endfacet
  facet normal  6.739962e-01 -3.024208e-01 -6.739962e-01
    outer loop
      vertex   6.172140e-01 -3.367903e-01 -7.090749e-01
      vertex   6.877051e-01 -2.273151e-01 -6.877051e-01
      vertex   7.090749e-01 -3.367903e-01 -6.172140e-01
    endloop
  endfacet
  facet normal  9.883039e-01  1.078316e-01  1.078316e-01
    outer loop
      vertex   9.882076e-01  1.497306e-01  8.152230e-02
      vertex   9.882076e-01  8.152230e-02  1.497306e-01
      vertex   9.987898e-01  6.713213e-02  6.713213e-02
    endloop
  endfacet
  facet normal  8.495588e-01  5.062041e-01  1.483491e-01
    outer loop
      vertex   8.219512e-01  5.566577e-01  1.119535e-01
      vertex   8.437157e-01  4.887701e-01  2.189627e-01
      vertex   8.850050e-01  4.520903e-01  1.076700e-01
    endloop
  endfacet
  facet normal  8.495588e-01  1.483491e-01  5.062041e-01
    outer loop
      vertex   8.437157e-01  2.189627e-01  4.887701e-01
      vertex   8.219512e-01  1.119535e-01  5.566577e-01
      vertex   8.850050e-01  1.076700e-01  4.520903e-01
    endloop
  endfacet
  facet normal  5.062041e-01  8.495587e-01  1.483491e-01
    outer loop
      vertex   4.520903e-01  8.850050e-01  1.076700e-01
      vertex   4.887701e-01  8.437157e-01  2.189627e-01
      vertex   5.566577e-01  8.219512e-01  1.119535e-01
    endloop
  endfacet
  facet normal  1.078316e-01  9.883039e-01  1.078316e-01
    outer loop
      vertex   6.713213e-02  9.987898e-01  6.713213e-02
      vertex   8.152230e-02  9.882076e-01  1.497306e-01
      vertex   1.497306e-01  9.882076e-01  8.152230e-02
    endloop
  endfacet
  facet normal  1.483491e-01  8.495588e-01  5.062041e-01
    outer loop
      vertex   1.076700e-01  8.850050e-01  4.520903e-01
      vertex   1.119535e-01  8.219512e-01  5.566577e-01
      vertex   2.189627e-01  8.437157e-01  4.887701e-01
    endloop
  endfacet
  facet normal  5.062040e-01  1.483491e-01  8.495587e-01
    outer loop
      vertex   4.887701e-01  2.189627e-01  8.437157e-01
      vertex   4.520903e-01  1.076700e-01  8.850050e-01
      vertex   5.566577e-01  1.119535e-01  8.219512e-01
    endloop
  endfacet
  facet normal  1.483490e-01  5.062040e-01  8.495587e-01
    outer loop
      vertex   1.119535e-01  5.566577e-01  8.219512e-01
      vertex   1.076700e-01  4.520903e-01  8.850050e-01
      vertex   2.189627e-01  4.887701e-01  8.437157e-01
    endloop
  endfacet
  facet normal  1.078316e-01  1.078316e-01  9.883039e-01
    outer loop
      vertex   8.152230e-02  1.497306e-01  9.882076e-01
      vertex   6.713213e-02  6.713213e-02  9.987898e-01
      vertex   1.497306e-01  8.152230e-02  9.882076e-01
    endloop
  endfacet
  facet normal -1.078316e-01  9.883039e-01  1.078316e-01
    outer loop
      vertex  -1.497306e-01  9.882076e-01  8.152230e-02
      vertex  -8.152230e-02  9.882076e-01  1.497306e-01
      vertex  -6.713213e-02  9.987898e-01  6.713213e-02
    endloop
  endfacet
  facet normal -5.062041e-01  8.495588e-01  1.483491e-01
    outer loop
      vertex  -5.566577e-01  8.219512e-01  1.119535e-01
      vertex  -4.887701e-01  8.437157e-01  2.189627e-01
      vertex  -4.520903e-01  8.850050e-01  1.076700e-01
    endloop
  endfacet
  facet normal -1.483491e-01  8.495588e-01  5.062041e-01
    outer loop
      vertex  -2.189627e-01  8.437157e-01  4.887701e-01
      vertex  -1.119535e-01  8.219512e-01  5.566577e-01
      vertex  -1.076700e-01  8.850050e-01  4.520903e-01
    endloop
  endfacet
  facet normal -8.495587e-01  5.062041e-01  1.483491e-01
    outer loop
      vertex  -8.850050e-01  4.520903e-01  1.076700e-01
      vertex  -8.437157e-01  4.887701e-01  2.189627e-01
      vertex  -8.219512e-01  5.566577e-01  1.119535e-01
    endloop
  endfacet
  facet normal -9.883039e-01  1.078316e-01  1.078316e-01
    outer loop
      vertex  -9.987898e-01  6.713213e-02  6.713213e-02
      vertex  -9.882076e-01  8.152230e-02  1.497306e-01
      vertex  -9.882076e-01  1.497306e-01  8.152230e-02
    endloop
  endfacet
  facet normal -8.495588e-01  1.483491e-01  5.062041e-01
    outer loop
      vertex  -8.850050e-01  1.076700e-01  4.520903e-01
      vertex  -8.219512e-01  1.119535e-01  5.566577e-01
      vertex  -8.437157e-01  2.189627e-01  4.887701e-01
    endloop
  endfacet
  facet normal -1.483491e-01  5.062040e-01  8.495587e-01
    outer loop
      vertex  -2.189627e-01  4.887701e-01  8.437157e-01
      vertex  -1.076700e-01  4.520903e-01  8.850050e-01
      vertex  -1.119535e-01  5.566577e-01  8.219512e-01
    endloop
  endfacet
  facet normal -5.062040e-01  1.483490e-01  8.495587e-01
    outer loop
      vertex  -5.566577e-01  1.119535e-01  8.219512e-01
      vertex  -4.520903e-01  1.076700e-01  8.850050e-01
      vertex  -4.887701e-01  2.189627e-01  8.437157e-01
    endloop
  endfacet
  facet normal -1.078316e-01  1.078316e-01  9.883039e-01
    outer loop
      vertex  -1.497306e-01  8.152230e-02  9.882076e-01
      vertex  -6.713213e-02  6.713213e-02  9.987898e-01
      vertex  -8.152230e-02  1.497306e-01  9.882076e-01
    endloop
  endfacet
  facet normal -9.883039e-01 -1.078316e-01  1.078316e-01
    outer loop
      vertex  -9.882076e-01 -1.497306e-01  8.152230e-02
      vertex  -9.882076e-01 -8.152230e-02  1.497306e-01
      vertex  -9.987898e-01 -6.713213e-02  6.713213e-02
    endloop
  endfacet
  facet normal -8.495588e-01 -5.062041e-01  1.483491e-01
    outer loop
      vertex  -8.219512e-01 -5.566577e-01  1.119535e-01
      vertex  -8.437157e-01 -4.887701e-01  2.189627e-01
      vertex  -8.850050e-01 -4.520903e-01  1.076700e-01
    endloop
  endfacet
  facet normal -8.495588e-01 -1.483491e-01  5.062041e-01
    outer loop
      vertex  -8.437157e-01 -2.189627e-01  4.887701e-01
      vertex  -8.219512e-01 -1.119535e-01  5.566577e-01
      vertex  -8.850050e-01 -1.076700e-01  4.520903e-01
    endloop
  endfacet
  facet normal -5.062041e-01 -8.495587e-01  1.483491e-01
    outer loop
      vertex  -4.520903e-01 -8.850050e-01  1.076700e-01
      vertex  -4.887701e-01 -8.437157e-01  2.189627e-01
      vertex  -5.566577e-01 -8.219512e-01  1.119535e-01
    endloop
  endfacet
  facet normal -1.078316e-01 -9.883039e-01  1.078316e-01
    outer loop
      vertex  -6.713213e-02 -9.987898e-01  6.713213e-02
      vertex  -8.152230e-02 -9.882076e-01  1.497306e-01
      vertex  -1.497306e-01 -9.882076e-01  8.152230e-02
    endloop
  endfacet
  facet normal -1.483491e-01 -8.495588e-01  5.062041e-01
    outer loop
      vertex  -1.076700e-01 -8.850050e-01  4.520903e-01
      vertex  -1.119535e-01 -8.219512e-01  5.566577e-01
      vertex  -2.189627e-01 -8.437157e-01  4.887701e-01
    endloop
  endfacet
  facet normal -5.062040e-01 -1.483491e-01  8.495587e-01
    outer loop
      vertex  -4.887701e-01 -2.189627e-01  8.437157e-01
      vertex  -4.520903e-01 -1.076700e-01  8.850050e-01
      vertex  -5.566577e-01 -1.119535e-01  8.219512e-01
    endloop
  endfacet
  facet normal -1.483490e-01 -5.062040e-01  8.495587e-01
    outer loop
      vertex  -1.119535e-01 -5.566577e-01  8.219512e-01
      vertex  -1.076700e-01 -4.520903e-01  8.850050e-01
      vertex  -2.189627e-01 -4.887701e-01  8.437157e-01
    endloop
  endfacet
  facet normal -1.078316e-01 -1.078316e-01  9.883039e-01
    outer loop
      vertex  -8.152230e-02 -1.497306e-01  9.882076e-01
      vertex  -6.713213e-02 -6.713213e-02  9.987898e-01
      vertex  -1.497306e-01 -8.152230e-02  9.882076e-01
    endloop
  endfacet
  facet normal  1.078316e-01 -9.883039e-01  1.078316e-01
    outer loop
      vertex   1.497306e-01 -9.882076e-01  8.152230e-02
      vertex   8.152230e-02 -9.882076e-01  1.497306e-01
      vertex   6.713213e-02 -9.987898e-01  6.713213e-02
    endloop
  endfacet
  facet normal  5.062041e-01 -8.495588e-01  1.483491e-01
    outer loop
      vertex   5.566577e-01 -8.219512e-01  1.119535e-01
      vertex   4.887701e-01 -8.437157e-01  2.189627e-01
      vertex   4.520903e-01 -8.850050e-01  1.076700e-01
    endloop
  endfacet
  facet normal  1.483491e-01 -8.495588e-01  5.062041e-01
    outer loop
      vertex   2.189627e-01 -8.437157e-01  4.887701e-01
      vertex   1.119535e-01 -8.219512e-01  5.566577e-01
      vertex   1.076700e-01 -8.850050e-01  4.520903e-01
    endloop
  endfacet
  facet normal  8.495587e-01 -5.062041e-01  1.483491e-01
    outer loop
      vertex   8.850050e-01 -4.520903e-01  1.076700e-01
      vertex   8.437157e-01 -4.887701e-01  2.189627e-01
      vertex   8.219512e-01 -5.566577e-01  1.119535e-01
    endloop
  endfacet
  facet normal  9.883039e-01 -1.078316e-01  1.078316e-01
    outer loop
      vertex   9.987898e-01 -6.713213e-02  6.713213e-02
      vertex   9.882076e-01 -8.152230e-02  1.497306e-01
      vertex   9.882076e-01 -1.497306e-01  8.152230e-02
    endloop
  endfacet
  facet normal  8.495588e-01 -1.483491e-01  5.062041e-01
    outer loop
      vertex   8.850050e-01 -1.076700e-01  4.520903e-01
      vertex   8.219512e-01 -1.119535e-01  5.566577e-01
      vertex   8.437157e-01 -2.189627e-01  4.887701e-01
    endloop
  endfacet
  facet normal  1.483491e-01 -5.062040e-01  8.495587e-01
    outer loop
      vertex   2.189627e-01 -4.887701e-01  8.437157e-01
      vertex   1.076700e-01 -4.520903e-01  8.850050e-01
      vertex   1.119535e-01 -5.566577e-01  8.219512e-01
    endloop
  endfacet
  facet normal  5.062040e-01 -1.483490e-01  8.495587e-01
    outer loop
      vertex   5.566577e-01 -1.119535e-01  8.219512e-01
      vertex   4.520903e-01 -1.076700e-01  8.850050e-01
      vertex   4.887701e-01 -2.189627e-01  8.437157e-01
    endloop
  endfacet
  facet normal  1.078316e-01 -1.078316e-01  9.883039e-01
    outer loop
      vertex   1.497306e-01 -8.152230e-02  9.882076e-01
      vertex   6.713213e-02 -6.713213e-02  9.987898e-01
      vertex   8.152230e-02 -1.497306e-01  9.882076e-01
    endloop
  endfacet
  facet normal  1.078316e-01  9.883039e-01 -1.078316e-01
    outer loop
      vertex   1.497306e-01  9.882076e-01 -8.152230e-02
      vertex   8.152230e-02  9.882076e-01 -1.497306e-01
      vertex   6.713213e-02  9.987898e-01 -6.713213e-02
    endloop
  endfacet
  facet normal  5.062041e-01  8.495588e-01 -1.483491e-01
    outer loop
      vertex   5.566577e-01  8.219512e-01 -1.119535e-01
      vertex   4.887701e-01  8.437157e-01 -2.189627e-01
      vertex   4.520903e-01  8.850050e-01 -1.076700e-01
    endloop
  endfacet
  facet normal  1.483491e-01  8.495588e-01 -5.062041e-01
    outer loop
      vertex   2.189627e-01  8.437157e-01 -4.887701e-01
      vertex   1.119535e-01  8.219512e-01 -5.566577e-01
      vertex   1.076700e-01  8.850050e-01 -4.520903e-01
    endloop
  endfacet
  facet normal  8.495587e-01  5.062041e-01 -1.483491e-01
    outer loop
      vertex   8.850050e-01  4.520903e-01 -1.076700e-01
      vertex   8.437157e-01  4.887701e-01 -2.189627e-01
      vertex   8.219512e-01  5.566577e-01 -1.119535e-01
    endloop
  endfacet
  facet normal  9.883039e-01  1.078316e-01 -1.078316e-01
    outer loop
      vertex   9.987898e-01  6.713213e-02 -6.713213e-02
      vertex   9.882076e-01  8.152230e-02 -1.497306e-01
      vertex   9.882076e-01  1.497306e-01 -8.152230e-02
    endloop
  endfacet
  facet normal  8.495588e-01  1.483491e-01 -5.062041e-01
    outer loop
      vertex   8.850050e-01  1.076700e-01 -4.520903e-01
      vertex   8.219512e-01  1.119535e-01 -5.566577e-01
      vertex   8.437157e-01  2.189627e-01 -4.887701e-01
    endloop
  endfacet
  facet normal  1.483491e-01  5.062040e-01 -8.495587e-01
    outer loop
      vertex   2.189627e-01  4.887701e-01 -8.437157e-01
      vertex   1.076700e-01  4.520903e-01 -8.850050e-01
      vertex   1.119535e-01  5.566577e-01 -8.219512e-01
    endloop
  endfacet
  facet normal  5.062040e-01  1.483490e-01 -8.495587e-01
    outer loop
      vertex   5.566577e-01  1.119535e-01 -8.219512e-01
      vertex   4.520903e-01  1.076700e-01 -8.850050e-01
      vertex   4.887701e-01  2.189627e-01 -8.437157e-01
    endloop
  endfacet
  facet normal  1.078316e-01  1.078316e-01 -9.883039e-01
    outer loop
      vertex   1.497306e-01  8.152230e-02 -9.882076e-01
      vertex   6.713213e-02  6.713213e-02 -9.987898e-01
      vertex   8.152230e-02  1.497306e-01 -9.882076e-01
    endloop
  endfacet
  facet normal -9.883039e-01  1.078316e-01 -1.078316e-01
    outer loop
      vertex  -9.882076e-01  1.497306e-01 -8.152230e-02
      vertex  -9.882076e-01  8.152230e-02 -1.497306e-01
      vertex  -9.987898e-01  6.713213e-02 -6.713213e-02
    endloop
  endfacet
  facet normal -8.495588e-01  5.062041e-01 -1.483491e-01
    outer loop
      vertex  -8.219512e-01  5.566577e-01 -1.119535e-01
      vertex  -8.437157e-01  4.887701e-01 -2.189627e-01
      vertex  -8.850050e-01  4.520903e-01 -1.076700e-01
    endloop
  endfacet
  facet normal -8.495588e-01  1.483491e-01 -5.062041e-01
    outer loop
      vertex  -8.437157e-01  2.189627e-01 -4.887701e-01
      vertex  -8.219512e-01  1.119535e-01 -5.566577e-01
      vertex  -8.850050e-01  1.076700e-01 -4.520903e-01
    endloop
  endfacet
  facet normal -5.062041e-01  8.495587e-01 -1.483491e-01
    outer loop
      vertex  -4.520903e-01  8.850050e-01 -1.076700e-01
      vertex  -4.887701e-01  8.437157e-01 -2.189627e-01
      vertex  -5.566577e-01  8.219512e-01 -1.119535e-01
    endloop
  endfacet
  facet normal -1.078316e-01  9.883039e-01 -1.078316e-01
    outer loop
      vertex  -6.713213e-02  9.987898e-01 -6.713213e-02
      vertex  -8.152230e-02  9.882076e-01 -1.497306e-01
      vertex  -1.497306e-01  9.882076e-01 -8.152230e-02
    endloop
  endfacet
  facet normal -1.483491e-01  8.495588e-01 -5.062041e-01
    outer loop
      vertex  -1.076700e-01  8.850050e-01 -4.520903e-01
      vertex  -1.119535e-01  8.219512e-01 -5.566577e-01
      vertex  -2.189627e-01  8.437157e-01 -4.887701e-01
    endloop
  endfacet
  facet normal -5.062040e-01  1.483491e-01 -8.495587e-01
    outer loop
      vertex  -4.887701e-01  2.189627e-01 -8.437157e-01
      vertex  -4.520903e-01  1.076700e-01 -8.850050e-01
      vertex  -5.566577e-01  1.119535e-01 -8.219512e-01
    endloop
  endfacet
  facet normal -1.483490e-01  5.062040e-01 -8.495587e-01
    outer loop
      vertex  -1.119535e-01  5.566577e-01 -8.219512e-01
      vertex  -1.076700e-01  4.520903e-01 -8.850050e-01
      vertex  -2.189627e-01  4.887701e-01 -8.437157e-01
    endloop
  endfacet
  facet normal -1.078316e-01  1.078316e-01 -9.883039e-01
    outer loop
      vertex  -8.152230e-02  1.497306e-01 -9.882076e-01
      vertex  -6.713213e-02  6.713213e-02 -9.987898e-01
      vertex  -1.497306e-01  8.152230e-02 -9.882076e-01
    endloop
  endfacet
  facet normal -1.078316e-01 -9.883039e-01 -1.078316e-01
    outer loop
      vertex  -1.497306e-01 -9.882076e-01 -8.152230e-02
      vertex  -8.152230e-02 -9.882076e-01 -1.497306e-01
      vertex  -6.713213e-02 -9.987898e-01 -6.713213e-02
    endloop
  endfacet
  facet normal -5.062041e-01 -8.495588e-01 -1.483491e-01
    outer loop
      vertex  -5.566577e-01 -8.219512e-01 -1.119535e-01
      vertex  -4.887701e-01 -8.437157e-01 -2.189627e-01
      vertex  -4.520903e-01 -8.850050e-01 -1.076700e-01
    endloop
  endfacet
  facet normal -1.483491e-01 -8.495588e-01 -5.062041e-01
    outer loop
      vertex  -2.189627e-01 -8.437157e-01 -4.887701e-01
      vertex  -1.119535e-01 -8.219512e-01 -5.566577e-01
      vertex  -1.076700e-01 -8.850050e-01 -4.520903e-01
    endloop
  endfacet
  facet normal -8.495587e-01 -5.062041e-01 -1.483491e-01
    outer loop
      vertex  -8.850050e-01 -4.520903e-01 -1.076700e-01
      vertex  -8.437157e-01 -4.887701e-01 -2.189627e-01
      vertex  -8.219512e-01 -5.566577e-01 -1.119535e-01
    endloop
  endfacet
  facet normal -9.883039e-01 -1.078316e-01 -1.078316e-01
    outer loop
      vertex  -9.987898e-01 -6.713213e-02 -6.713213e-02
      vertex  -9.882076e-01 -8.152230e-02 -1.497306e-01
      vertex  -9.882076e-01 -1.497306e-01 -8.152230e-02
    endloop
  endfacet
  facet normal -8.495588e-01 -1.483491e-01 -5.062041e-01
    outer loop
      vertex  -8.850050e-01 -1.076700e-01 -4.520903e-01
      vertex  -8.219512e-01 -1.119535e-01 -5.566577e-01
      vertex  -8.437157e-01 -2.189627e-01 -4.887701e-01
    endloop
  endfacet
  facet normal -1.483491e-01 -5.062040e-01 -8.495587e-01
    outer loop
      vertex  -2.189627e-01 -4.887701e-01 -8.437157e-01
      vertex  -1.076700e-01 -4.520903e-01 -8.850050e-01
      vertex  -1.119535e-01 -5.566577e-01 -8.219512e-01
    endloop
  endfacet
  facet normal -5.062040e-01 -1.483490e-01 -8.495587e-01
    outer loop
      vertex  -5.566577e-01 -1.119535e-01 -8.219512e-01
      vertex  -4.520903e-01 -1.076700e-01 -8.850050e-01
      vertex  -4.887701e-01 -2.189627e-01 -8.437157e-01
    endloop
  endfacet
  facet normal -1.078316e-01 -1.078316e-01 -9.883039e-01
    outer loop
      vertex  -1.497306e-01 -8.152230e-02 -9.882076e-01
      vertex  -6.713213e-02 -6.713213e-02 -9.987898e-01
      vertex  -8.152230e-02 -1.497306e-01 -9.882076e-01
    endloop
  endfacet
  facet normal  9.883039e-01 -1.078316e-01 -1.078316e-01
    outer loop
      vertex   9.882076e-01 -1.497306e-01 -8.152230e-02
      vertex   9.882076e-01 -8.152230e-02 -1.497306e-01
      vertex   9.987898e-01 -6.713213e-02 -6.713213e-02
    endloop
  endfacet
  facet normal  8.495588e-01 -5.062041e-01 -1.483491e-01
    outer loop
      vertex   8.219512e-01 -5.566577e-01 -1.119535e-01
      vertex   8.437157e-01 -4.887701e-01 -2.189627e-01
      vertex   8.850050e-01 -4.520903e-01 -1.076700e-01
    endloop
  endfacet
  facet normal  8.495588e-01 -1.483491e-01 -5.062041e-01
    outer loop
      vertex   8.437157e-01 -2.189627e-01 -4.887701e-01
      vertex   8.219512e-01 -1.119535e-01 -5.566577e-01
      vertex   8.850050e-01 -1.076700e-01 -4.520903e-01
    endloop
  endfacet
  facet normal  5.062041e-01 -8.495587e-01 -1.483491e-01
    outer loop
      vertex   4.520903e-01 -8.850050e-01 -1.076700e-01
      vertex   4.887701e-01 -8.437157e-01 -2.189627e-01
      vertex   5.566577e-01 -8.219512e-01 -1.119535e-01
    endloop
  endfacet
  facet normal  1.078316e-01 -9.883039e-01 -1.078316e-01
    outer loop
      vertex   6.713213e-02 -9.987898e-01 -6.713213e-02
      vertex   8.152230e-02 -9.882076e-01 -1.497306e-01
      vertex   1.497306e-01 -9.882076e-01 -8.152230e-02
    endloop
  endfacet
  facet normal  1.483491e-01 -8.495588e-01 -5.062041e-01
    outer loop
      vertex   1.076700e-01 -8.850050e-01 -4.520903e-01
      vertex   1.119535e-01 -8.219512e-01 -5.566577e-01
      vertex   2.189627e-01 -8.437157e-01 -4.887701e-01
    endloop
  endfacet
  facet normal  5.062040e-01 -1.483491e-01 -8.495587e-01
    outer loop
      vertex   4.887701e-01 -2.189627e-01 -8.437157e-01
      vertex   4.520903e-01 -1.076700e-01 -8.850050e-01
      vertex   5.566577e-01 -1.119535e-01 -8.219512e-01
    endloop
  endfacet
  facet normal  1.483490e-01 -5.062040e-01 -8.495587e-01
    outer loop
      vertex   1.119535e-01 -5.566577e-01 -8.219512e-01
      vertex   1.076700e-01 -4.520903e-01 -8.850050e-01
      vertex   2.189627e-01 -4.887701e-01 -8.437157e-01
    endloop
  endfacet
  facet normal  1.078316e-01 -1.078316e-01 -9.883039e-01
    outer loop
      vertex   8.152230e-02 -1.497306e-01 -9.882076e-01
      vertex   6.713213e-02 -6.713213e-02 -9.987898e-01
      vertex   1.497306e-01 -8.152230e-02 -9.882076e-01
    endloop
  endfacet
  facet normal  5.098189e-01  6.929425e-01  5.098189e-01
    outer loop
      vertex   4.397725e-01  7.198251e-01  5.341066e-01
      vertex   5.430459e-01  6.372668e-01  5.430459e-01
      vertex   5.341066e-01  7.198251e-01  4.397725e-01
    endloop
  endfacet
  facet normal  5.098189e-01  5.098189e-01  6.929425e-01
    outer loop
      vertex   4.397725e-01  5.341066e-01  7.198251e-01
      vertex   5.341066e-01  4.397725e-01  7.198251e-01
      vertex   5.430459e-01  5.430459e-01  6.372668e-01
    endloop
  endfacet
  facet normal  6.929426e-01  5.098189e-01  5.098189e-01
    outer loop
      vertex   6.372668e-01  5.430459e-01  5.430459e-01
      vertex   7.198251e-01  4.397725e-01  5.341066e-01
      vertex   7.198251e-01  5.341066e-01  4.397725e-01
    endloop
  endfacet
  facet normal -6.929425e-01  5.098189e-01  5.098189e-01
    outer loop
      vertex  -7.198251e-01  4.397725e-01  5.341066e-01
      vertex  -6.372668e-01  5.430459e-01  5.430459e-01
      vertex  -7.198251e-01  5.341066e-01  4.397725e-01
    endloop
  endfacet
  facet normal -5.098189e-01  5.098189e-01  6.929425e-01
    outer loop
      vertex  -5.341066e-01  4.397725e-01  7.198251e-01
      vertex  -4.397725e-01  5.341066e-01  7.198251e-01
      vertex  -5.430459e-01  5.430459e-01  6.372668e-01
    endloop
  endfacet
  facet normal -5.098189e-01  6.929426e-01  5.098189e-01
    outer loop
      vertex  -5.430459e-01  6.372668e-01  5.430459e-01
      vertex  -4.397725e-01  7.198251e-01  5.341066e-01
      vertex  -5.341066e-01  7.198251e-01  4.397725e-01
    endloop
  endfacet
  facet normal -5.098189e-01 -6.929425e-01  5.098189e-01
    outer loop
      vertex  -4.397725e-01 -7.198251e-01  5.341066e-01
      vertex  -5.430459e-01 -6.372668e-01  5.430459e-01
      vertex  -5.341066e-01 -7.198251e-01  4.397725e-01
    endloop
  endfacet
  facet normal -5.098189e-01 -5.098189e-01  6.929425e-01
    outer loop
      vertex  -4.397725e-01 -5.341066e-01  7.198251e-01
      vertex  -5.341066e-01 -4.397725e-01  7.198251e-01
      vertex  -5.430459e-01 -5.430459e-01  6.372668e-01
    endloop
  endfacet
  facet normal -6.929426e-01 -5.098189e-01  5.098189e-01
    outer loop
      vertex  -6.372668e-01 -5.430459e-01  5.430459e-01
      vertex  -7.198251e-01 -4.397725e-01  5.341066e-01
      vertex  -7.198251e-01 -5.341066e-01  4.397725e-01
    endloop
  endfacet
  facet normal  6.929425e-01 -5.098189e-01  5.098189e-01
    outer loop
      vertex   7.198251e-01 -4.397725e-01  5.341066e-01
      vertex   6.372668e-01 -5.430459e-01  5.430459e-01
      vertex   7.198251e-01 -5.341066e-01  4.397725e-01
    endloop
  endfacet
  facet normal  5.098189e-01 -5.098189e-01  6.929425e-01
    outer loop
      vertex   5.341066e-01 -4.397725e-01  7.198251e-01
      vertex   4.397725e-01 -5.341066e-01  7.198251e-01
      vertex   5.430459e-01 -5.430459e-01  6.372668e-01
    endloop
  endfacet
  facet normal  5.098189e-01 -6.929426e-01  5.098189e-01
    outer loop
      vertex   5.430459e-01 -6.372668e-01  5.430459e-01
      vertex   4.397725e-01 -7.198251e-01  5.341066e-01
      vertex   5.341066e-01 -7.198251e-01  4.397725e-01
    endloop
  endfacet
  facet normal  6.929425e-01  5.098189e-01 -5.098189e-01
    outer loop
      vertex   7.198251e-01  4.397725e-01 -5.341066e-01
      vertex   6.372668e-01  5.430459e-01 -5.430459e-01
      vertex   7.198251e-01  5.341066e-01 -4.397725e-01
    endloop
  endfacet
  facet normal  5.098189e-01  5.098189e-01 -6.929425e-01
    outer loop
      vertex   5.341066e-01  4.397725e-01 -7.198251e-01
      vertex   4.397725e-01  5.341066e-01 -7.198251e-01
      vertex   5.430459e-01  5.430459e-01 -6.372668e-01
    endloop
  endfacet
  facet normal  5.098189e-01  6.929426e-01 -5.098189e-01
    outer loop
      vertex   5.430459e-01  6.372668e-01 -5.430459e-01
      vertex   4.397725e-01  7.198251e-01 -5.341066e-01
      vertex   5.341066e-01  7.198251e-01 -4.397725e-01
    endloop
  endfacet
  facet normal -5.098189e-01  6.929425e-01 -5.098189e-01
    outer loop
      vertex  -4.397725e-01  7.198251e-01 -5.341066e-01
      vertex  -5.430459e-01  6.372668e-01 -5.430459e-01
      vertex  -5.341066e-01  7.198251e-01 -4.397725e-01
    endloop
  endfacet
  facet normal -5.098189e-01  5.098189e-01 -6.929425e-01
    outer loop
      vertex  -4.397725e-01  5.341066e-01 -7.198251e-01
      vertex  -5.341066e-01  4.397725e-01 -7.198251e-01
      vertex  -5.430459e-01  5.430459e-01 -6.372668e-01
    endloop
  endfacet
  facet normal -6.929426e-01  5.098189e-01 -5.098189e-01
    outer loop
      vertex  -6.372668e-01  5.430459e-01 -5.430459e-01
      vertex  -7.198251e-01  4.397725e-01 -5.341066e-01
      vertex  -7.198251e-01  5.341066e-01 -4.397725e-01
    endloop
  endfacet
  facet normal -6.929425e-01 -5.098189e-01 -5.098189e-01
    outer loop
      vertex  -7.198251e-01 -4.397725e-01 -5.341066e-01
      vertex  -6.372668e-01 -5.430459e-01 -5.430459e-01
      vertex  -7.198251e-01 -5.341066e-01 -4.397725e-01
    endloop
  endfacet
  facet normal -5.098189e-01 -5.098189e-01 -6.929425e-01
    outer loop
      vertex  -5.341066e-01 -4.397725e-01 -7.198251e-01
      vertex  -4.397725e-01 -5.341066e-01 -7.198251e-01
      vertex  -5.430459e-01 -5.430459e-01 -6.372668e-01
    endloop
  endfacet
  facet normal -5.098189e-01 -6.929426e-01 -5.098189e-01
    outer loop
      vertex  -5.430459e-01 -6.372668e-01 -5.430459e-01
      vertex  -4.397725e-01 -7.198251e-01 -5.341066e-01
      vertex  -5.341066e-01 -7.198251e-01 -4.397725e-01
    endloop
  endfacet
  facet normal  5.098189e-01 -6.929425e-01 -5.098189e-01
    outer loop
      vertex   4.397725e-01 -7.198251e-01 -5.341066e-01
      vertex   5.430459e-01 -6.372668e-01 -5.430459e-01
      vertex   5.341066e-01 -7.198251e-01 -4.397725e-01
    endloop
  endfacet
  facet normal  5.098189e-01 -5.098189e-01 -6.929425e-01
    outer loop
      vertex   4.397725e-01 -5.341066e-01 -7.198251e-01
      vertex   5.341066e-01 -4.397725e-01 -7.198251e-01
      vertex   5.430459e-01 -5.430459e-01 -6.372668e-01
    endloop
  endfacet
  facet normal  6.929426e-01 -5.098189e-01 -5.098189e-01
    outer loop
      vertex   6.372668e-01 -5.430459e-01 -5.430459e-01
      vertex   7.198251e-01 -4.397725e-01 -5.341066e-01
      vertex   7.198251e-01 -5.341066e-01 -4.397725e-01
    endloop
