solid STL generated by MeshLab
  facet normal  5.773503e-01  5.773503e-01  5.773503e-01
    outer loop
      vertex   4.433243e-01  6.323804e-01  6.323804e-01
      vertex   6.323804e-01  4.433243e-01  6.323804e-01
      vertex   6.323804e-01  6.323804e-01  4.433243e-01
    endloop
  endfacet
  facet normal -5.773503e-01  5.773503e-01  5.773503e-01
    outer loop
      vertex  -6.323804e-01  4.433243e-01  6.323804e-01
      vertex  -4.433243e-01  6.323804e-01  6.323804e-01
      vertex  -6.323804e-01  6.323804e-01  4.433243e-01
    endloop
  endfacet
  facet normal -5.773503e-01 -5.773503e-01  5.773503e-01
    outer loop
      vertex  -4.433243e-01 -6.323804e-01  6.323804e-01
      vertex  -6.323804e-01 -4.433243e-01  6.323804e-01
      vertex  -6.323804e-01 -6.323804e-01  4.433243e-01
    endloop
  endfacet
  facet normal  5.773503e-01 -5.773503e-01  5.773503e-01
    outer loop
      vertex   6.323804e-01 -4.433243e-01  6.323804e-01
      vertex   4.433243e-01 -6.323804e-01  6.323804e-01
      vertex   6.323804e-01 -6.323804e-01  4.433243e-01
    endloop
  endfacet
  facet normal  5.773503e-01  5.773503e-01 -5.773503e-01
    outer loop
      vertex   6.323804e-01  4.433243e-01 -6.323804e-01
      vertex   4.433243e-01  6.323804e-01 -6.323804e-01
      vertex   6.323804e-01  6.323804e-01 -4.433243e-01
    endloop
  endfacet
  facet normal -5.773503e-01  5.773503e-01 -5.773503e-01
    outer loop
      vertex  -4.433243e-01  6.323804e-01 -6.323804e-01
      vertex  -6.323804e-01  4.433243e-01 -6.323804e-01
      vertex  -6.323804e-01  6.323804e-01 -4.433243e-01
    endloop
  endfacet
  facet normal -5.773503e-01 -5.773503e-01 -5.773503e-01
    outer loop
      vertex  -6.323804e-01 -4.433243e-01 -6.323804e-01
      vertex  -4.433243e-01 -6.323804e-01 -6.323804e-01
      vertex  -6.323804e-01 -6.323804e-01 -4.433243e-01
    endloop
  endfacet
  facet normal  5.773503e-01 -5.773503e-01 -5.773503e-01
    outer loop
      vertex   4.433243e-01 -6.323804e-01 -6.323804e-01
      vertex   6.323804e-01 -4.433243e-01 -6.323804e-01
      vertex   6.323804e-01 -6.323804e-01 -4.433243e-01
    endloop
  endfacet
  facet normal  9.231584e-01  2.718257e-01  2.718257e-01
    outer loop
      vertex   9.004685e-01  3.821701e-01  2.087584e-01
      vertex   9.004685e-01  2.087584e-01  3.821701e-01
      vertex   9.708583e-01  1.759375e-01  1.759375e-01
    endloop
  endfacet
  facet normal  2.718257e-01  9.231585e-01  2.718257e-01
    outer loop
      vertex   1.759375e-01  9.708583e-01  1.759375e-01
      vertex   2.087584e-01  9.004685e-01  3.821701e-01
      vertex   3.821701e-01  9.004685e-01  2.087584e-01
    endloop
  endfacet
  facet normal  2.718257e-01  2.718257e-01  9.231584e-01
    outer loop
      vertex   2.087584e-01  3.821701e-01  9.004685e-01
      vertex   1.759375e-01  1.759375e-01  9.708583e-01
      vertex   3.821701e-01  2.087584e-01  9.004685e-01
    endloop
  endfacet
  facet normal -2.718257e-01  9.231584e-01  2.718257e-01
    outer loop
      vertex  -3.821701e-01  9.004685e-01  2.087584e-01
      vertex  -2.087584e-01  9.004685e-01  3.821701e-01
      vertex  -1.759375e-01  9.708583e-01  1.759375e-01
    endloop
  endfacet
  facet normal -9.231585e-01  2.718257e-01  2.718257e-01
    outer loop
      vertex  -9.708583e-01  1.759375e-01  1.759375e-01
      vertex  -9.004685e-01  2.087584e-01  3.821701e-01
      vertex  -9.004685e-01  3.821701e-01  2.087584e-01
    endloop
  endfacet
  facet normal -2.718257e-01  2.718257e-01  9.231584e-01
    outer loop
      vertex  -3.821701e-01  2.087584e-01  9.004685e-01
      vertex  -1.759375e-01  1.759375e-01  9.708583e-01
      vertex  -2.087584e-01  3.821701e-01  9.004685e-01
    endloop
  endfacet
  facet normal -9.231584e-01 -2.718257e-01  2.718257e-01
    outer loop
      vertex  -9.004685e-01 -3.821701e-01  2.087584e-01
      vertex  -9.004685e-01 -2.087584e-01  3.821701e-01
      vertex  -9.708583e-01 -1.759375e-01  1.759375e-01
    endloop
  endfacet
  facet normal -2.718257e-01 -9.231585e-01  2.718257e-01
    outer loop
      vertex  -1.759375e-01 -9.708583e-01  1.759375e-01
      vertex  -2.087584e-01 -9.004685e-01  3.821701e-01
      vertex  -3.821701e-01 -9.004685e-01  2.087584e-01
    endloop
  endfacet
  facet normal -2.718257e-01 -2.718257e-01  9.231584e-01
    outer loop
      vertex  -2.087584e-01 -3.821701e-01  9.004685e-01
      vertex  -1.759375e-01 -1.759375e-01  9.708583e-01
      vertex  -3.821701e-01 -2.087584e-01  9.004685e-01
    endloop
  endfacet
  facet normal  2.718257e-01 -9.231584e-01  2.718257e-01
    outer loop
      vertex   3.821701e-01 -9.004685e-01  2.087584e-01
      vertex   2.087584e-01 -9.004685e-01  3.821701e-01
      vertex   1.759375e-01 -9.708583e-01  1.759375e-01
    endloop
  endfacet
  facet normal  9.231585e-01 -2.718257e-01  2.718257e-01
    outer loop
      vertex   9.708583e-01 -1.759375e-01  1.759375e-01
      vertex   9.004685e-01 -2.087584e-01  3.821701e-01
      vertex   9.004685e-01 -3.821701e-01  2.087584e-01
    endloop
  endfacet
  facet normal  2.718257e-01 -2.718257e-01  9.231584e-01
    outer loop
      vertex   3.821701e-01 -2.087584e-01  9.004685e-01
      vertex   1.759375e-01 -1.759375e-01  9.708583e-01
      vertex   2.087584e-01 -3.821701e-01  9.004685e-01
    endloop
  endfacet
  facet normal  2.718257e-01  9.231584e-01 -2.718257e-01
    outer loop
      vertex   3.821701e-01  9.004685e-01 -2.087584e-01
      vertex   2.087584e-01  9.004685e-01 -3.821701e-01
      vertex   1.759375e-01  9.708583e-01 -1.759375e-01
    endloop
  endfacet
  facet normal  9.231585e-01  2.718257e-01 -2.718257e-01
    outer loop
      vertex   9.708583e-01  1.759375e-01 -1.759375e-01
      vertex   9.004685e-01  2.087584e-01 -3.821701e-01
      vertex   9.004685e-01  3.821701e-01 -2.087584e-01
    endloop
  endfacet
  facet normal  2.718257e-01  2.718257e-01 -9.231584e-01
    outer loop
      vertex   3.821701e-01  2.087584e-01 -9.004685e-01
      vertex   1.759375e-01  1.759375e-01 -9.708583e-01
      vertex   2.087584e-01  3.821701e-01 -9.004685e-01
    endloop
  endfacet
  facet normal -9.231584e-01  2.718257e-01 -2.718257e-01
    outer loop
      vertex  -9.004685e-01  3.821701e-01 -2.087584e-01
      vertex  -9.004685e-01  2.087584e-01 -3.821701e-01
      vertex  -9.708583e-01  1.759375e-01 -1.759375e-01
    endloop
  endfacet
  facet normal -2.718257e-01  9.231585e-01 -2.718257e-01
    outer loop
      vertex  -1.759375e-01  9.708583e-01 -1.759375e-01
      vertex  -2.087584e-01  9.004685e-01 -3.821701e-01
      vertex  -3.821701e-01  9.004685e-01 -2.087584e-01
    endloop
  endfacet
  facet normal -2.718257e-01  2.718257e-01 -9.231584e-01
    outer loop
      vertex  -2.087584e-01  3.821701e-01 -9.004685e-01
      vertex  -1.759375e-01  1.759375e-01 -9.708583e-01
      vertex  -3.821701e-01  2.087584e-01 -9.004685e-01
    endloop
  endfacet
  facet normal -2.718257e-01 -9.231584e-01 -2.718257e-01
    outer loop
      vertex  -3.821701e-01 -9.004685e-01 -2.087584e-01
      vertex  -2.087584e-01 -9.004685e-01 -3.821701e-01
      vertex  -1.759375e-01 -9.708583e-01 -1.759375e-01
    endloop
  endfacet
  facet normal -9.231585e-01 -2.718257e-01 -2.718257e-01
    outer loop
      vertex  -9.708583e-01 -1.759375e-01 -1.759375e-01
      vertex  -9.004685e-01 -2.087584e-01 -3.821701e-01
      vertex  -9.004685e-01 -3.821701e-01 -2.087584e-01
    endloop
  endfacet
  facet normal -2.718257e-01 -2.718257e-01 -9.231584e-01
    outer loop
      vertex  -3.821701e-01 -2.087584e-01 -9.004685e-01
      vertex  -1.759375e-01 -1.759375e-01 -9.708583e-01
      vertex  -2.087584e-01 -3.821701e-01 -9.004685e-01
    endloop
  endfacet
  facet normal  9.231584e-01 -2.718257e-01 -2.718257e-01
    outer loop
      vertex   9.004685e-01 -3.821701e-01 -2.087584e-01
      vertex   9.004685e-01 -2.087584e-01 -3.821701e-01
      vertex   9.708583e-01 -1.759375e-01 -1.759375e-01
    endloop
  endfacet
  facet normal  2.718257e-01 -9.231585e-01 -2.718257e-01
    outer loop
      vertex   1.759375e-01 -9.708583e-01 -1.759375e-01
      vertex   2.087584e-01 -9.004685e-01 -3.821701e-01
      vertex   3.821701e-01 -9.004685e-01 -2.087584e-01
    endloop
  endfacet
  facet normal  2.718257e-01 -2.718257e-01 -9.231584e-01
    outer loop
      vertex   2.087584e-01 -3.821701e-01 -9.004685e-01
      vertex   1.759375e-01 -1.759375e-01 -9.708583e-01
      vertex   3.821701e-01 -2.087584e-01 -9.004685e-01
    endloop
  endfacet
  facet normal  6.726626e-01  6.726626e-01  3.083021e-01
    outer loop
      vertex   5.923961e-01  7.722613e-01  2.253669e-01
      vertex   6.323804e-01  6.323804e-01  4.433243e-01
      vertex   7.722613e-01  5.923961e-01  2.253669e-01
    endloop
  endfacet
  facet normal  3.083021e-01  6.726626e-01  6.726626e-01
    outer loop
      vertex   2.253669e-01  7.722613e-01  5.923961e-01
      vertex   2.253669e-01  5.923961e-01  7.722613e-01
      vertex   4.433243e-01  6.323804e-01  6.323804e-01
    endloop
  endfacet
  facet normal  6.726626e-01  3.083021e-01  6.726626e-01
    outer loop
      vertex   6.323804e-01  4.433243e-01  6.323804e-01
      vertex   5.923961e-01  2.253669e-01  7.722613e-01
      vertex   7.722613e-01  2.253669e-01  5.923961e-01
    endloop
  endfacet
  facet normal -6.726626e-01  6.726626e-01  3.083021e-01
    outer loop
      vertex  -7.722613e-01  5.923961e-01  2.253669e-01
      vertex  -6.323804e-01  6.323804e-01  4.433243e-01
      vertex  -5.923961e-01  7.722613e-01  2.253669e-01
    endloop
  endfacet
  facet normal -6.726626e-01  3.083021e-01  6.726626e-01
    outer loop
      vertex  -7.722613e-01  2.253669e-01  5.923961e-01
      vertex  -5.923961e-01  2.253669e-01  7.722613e-01
      vertex  -6.323804e-01  4.433243e-01  6.323804e-01
    endloop
  endfacet
  facet normal -3.083021e-01  6.726626e-01  6.726626e-01
    outer loop
      vertex  -4.433243e-01  6.323804e-01  6.323804e-01
      vertex  -2.253669e-01  5.923961e-01  7.722613e-01
      vertex  -2.253669e-01  7.722613e-01  5.923961e-01
    endloop
  endfacet
  facet normal -6.726626e-01 -6.726626e-01  3.083021e-01
    outer loop
      vertex  -5.923961e-01 -7.722613e-01  2.253669e-01
      vertex  -6.323804e-01 -6.323804e-01  4.433243e-01
      vertex  -7.722613e-01 -5.923961e-01  2.253669e-01
    endloop
  endfacet
  facet normal -3.083021e-01 -6.726626e-01  6.726626e-01
    outer loop
      vertex  -2.253669e-01 -7.722613e-01  5.923961e-01
      vertex  -2.253669e-01 -5.923961e-01  7.722613e-01
      vertex  -4.433243e-01 -6.323804e-01  6.323804e-01
    endloop
  endfacet
  facet normal -6.726626e-01 -3.083021e-01  6.726626e-01
    outer loop
      vertex  -6.323804e-01 -4.433243e-01  6.323804e-01
      vertex  -5.923961e-01 -2.253669e-01  7.722613e-01
      vertex  -7.722613e-01 -2.253669e-01  5.923961e-01
    endloop
  endfacet
  facet normal  6.726626e-01 -6.726626e-01  3.083021e-01
    outer loop
      vertex   7.722613e-01 -5.923961e-01  2.253669e-01
      vertex   6.323804e-01 -6.323804e-01  4.433243e-01
      vertex   5.923961e-01 -7.722613e-01  2.253669e-01
    endloop
  endfacet
  facet normal  6.726626e-01 -3.083021e-01  6.726626e-01
    outer loop
      vertex   7.722613e-01 -2.253669e-01  5.923961e-01
      vertex   5.923961e-01 -2.253669e-01  7.722613e-01
      vertex   6.323804e-01 -4.433243e-01  6.323804e-01
    endloop
  endfacet
  facet normal  3.083021e-01 -6.726626e-01  6.726626e-01
    outer loop
      vertex   4.433243e-01 -6.323804e-01  6.323804e-01
      vertex   2.253669e-01 -5.923961e-01  7.722613e-01
      vertex   2.253669e-01 -7.722613e-01  5.923961e-01
    endloop
  endfacet
  facet normal  6.726626e-01  6.726626e-01 -3.083021e-01
    outer loop
      vertex   7.722613e-01  5.923961e-01 -2.253669e-01
      vertex   6.323804e-01  6.323804e-01 -4.433243e-01
      vertex   5.923961e-01  7.722613e-01 -2.253669e-01
    endloop
  endfacet
  facet normal  6.726626e-01  3.083021e-01 -6.726626e-01
    outer loop
      vertex   7.722613e-01  2.253669e-01 -5.923961e-01
      vertex   5.923961e-01  2.253669e-01 -7.722613e-01
      vertex   6.323804e-01  4.433243e-01 -6.323804e-01
    endloop
  endfacet
  facet normal  3.083021e-01  6.726626e-01 -6.726626e-01
    outer loop
      vertex   4.433243e-01  6.323804e-01 -6.323804e-01
      vertex   2.253669e-01  5.923961e-01 -7.722613e-01
      vertex   2.253669e-01  7.722613e-01 -5.923961e-01
    endloop
  endfacet
  facet normal -6.726626e-01  6.726626e-01 -3.083021e-01
    outer loop
      vertex  -5.923961e-01  7.722613e-01 -2.253669e-01
      vertex  -6.323804e-01  6.323804e-01 -4.433243e-01
      vertex  -7.722613e-01  5.923961e-01 -2.253669e-01
    endloop
  endfacet
  facet normal -3.083021e-01  6.726626e-01 -6.726626e-01
    outer loop
      vertex  -2.253669e-01  7.722613e-01 -5.923961e-01
      vertex  -2.253669e-01  5.923961e-01 -7.722613e-01
      vertex  -4.433243e-01  6.323804e-01 -6.323804e-01
    endloop
  endfacet
  facet normal -6.726626e-01  3.083021e-01 -6.726626e-01
    outer loop
      vertex  -6.323804e-01  4.433243e-01 -6.323804e-01
      vertex  -5.923961e-01  2.253669e-01 -7.722613e-01
      vertex  -7.722613e-01  2.253669e-01 -5.923961e-01
    endloop
  endfacet
  facet normal -6.726626e-01 -6.726626e-01 -3.083021e-01
    outer loop
      vertex  -7.722613e-01 -5.923961e-01 -2.253669e-01
      vertex  -6.323804e-01 -6.323804e-01 -4.433243e-01
      vertex  -5.923961e-01 -7.722613e-01 -2.253669e-01
    endloop
  endfacet
  facet normal -6.726626e-01 -3.083021e-01 -6.726626e-01
    outer loop
      vertex  -7.722613e-01 -2.253669e-01 -5.923961e-01
      vertex  -5.923961e-01 -2.253669e-01 -7.722613e-01
      vertex  -6.323804e-01 -4.433243e-01 -6.323804e-01
    endloop
  endfacet
  facet normal -3.083021e-01 -6.726626e-01 -6.726626e-01
    outer loop
      vertex  -4.433243e-01 -6.323804e-01 -6.323804e-01
      vertex  -2.253669e-01 -5.923961e-01 -7.722613e-01
      vertex  -2.253669e-01 -7.722613e-01 -5.923961e-01
    endloop
  endfacet
  facet normal  6.726626e-01 -6.726626e-01 -3.083021e-01
    outer loop
      vertex   5.923961e-01 -7.722613e-01 -2.253669e-01
      vertex   6.323804e-01 -6.323804e-01 -4.433243e-01
      vertex   7.722613e-01 -5.923961e-01 -2.253669e-01
    endloop
  endfacet
  facet normal  3.083021e-01 -6.726626e-01 -6.726626e-01
    outer loop
      vertex   2.253669e-01 -7.722613e-01 -5.923961e-01
      vertex   2.253669e-01 -5.923961e-01 -7.722613e-01
      vertex   4.433243e-01 -6.323804e-01 -6.323804e-01
    endloop
  endfacet
  facet normal  6.726626e-01 -3.083021e-01 -6.726626e-01
    outer loop
      vertex   6.323804e-01 -4.433243e-01 -6.323804e-01
      vertex   5.923961e-01 -2.253669e-01 -7.722613e-01
      vertex   7.722613e-01 -2.253669e-01 -5.923961e-01
    endloop
  endfacet
  facet normal  9.888408e-01  1.053419e-01  1.053419e-01
    outer loop
      vertex   9.956374e-01  1.192740e-01 -1.286437e-11
      vertex   9.708583e-01  1.759375e-01  1.759375e-01
      vertex   9.956374e-01 -1.270611e-10  1.192740e-01
    endloop
  endfacet
  facet normal  8.501038e-01  5.072654e-01  1.414402e-01
    outer loop
      vertex   8.581073e-01  5.113692e-01 -2.179947e-11
      vertex   7.722613e-01  5.923961e-01  2.253669e-01
      vertex   9.004685e-01  3.821701e-01  2.087584e-01
    endloop
  endfacet
  facet normal  8.501037e-01  1.414402e-01  5.072654e-01
    outer loop
      vertex   9.004685e-01  2.087584e-01  3.821701e-01
      vertex   7.722613e-01  2.253669e-01  5.923961e-01
      vertex   8.581073e-01 -1.323096e-10  5.113692e-01
    endloop
  endfacet
  facet normal  5.072654e-01  8.501038e-01  1.414402e-01
    outer loop
      vertex   5.113692e-01  8.581073e-01  0.000000e+00
      vertex   3.821701e-01  9.004685e-01  2.087584e-01
      vertex   5.923961e-01  7.722613e-01  2.253669e-01
    endloop
  endfacet
  facet normal  1.053419e-01  9.888408e-01  1.053419e-01
    outer loop
      vertex   1.192740e-01  9.956374e-01  0.000000e+00
      vertex   1.527898e-10  9.956374e-01  1.192740e-01
      vertex   1.759375e-01  9.708583e-01  1.759375e-01
    endloop
  endfacet
  facet normal  1.414402e-01  8.501037e-01  5.072654e-01
    outer loop
      vertex   2.087584e-01  9.004685e-01  3.821701e-01
      vertex   1.759086e-10  8.581073e-01  5.113692e-01
      vertex   2.253669e-01  7.722613e-01  5.923961e-01
    endloop
  endfacet
  facet normal  5.072654e-01  1.414403e-01  8.501038e-01
    outer loop
      vertex   5.923961e-01  2.253669e-01  7.722613e-01
      vertex   3.821701e-01  2.087584e-01  9.004685e-01
      vertex   5.113692e-01 -1.541091e-10  8.581073e-01
    endloop
  endfacet
  facet normal  1.414403e-01  5.072654e-01  8.501038e-01
    outer loop
      vertex   2.253669e-01  5.923961e-01  7.722613e-01
      vertex   1.541091e-10  5.113692e-01  8.581073e-01
      vertex   2.087584e-01  3.821701e-01  9.004685e-01
    endloop
  endfacet
  facet normal  1.053419e-01  1.053419e-01  9.888408e-01
    outer loop
      vertex   1.759375e-01  1.759375e-01  9.708583e-01
      vertex   3.859310e-11  1.192740e-01  9.956374e-01
      vertex   1.192740e-01 -3.859310e-11  9.956374e-01
    endloop
  endfacet
  facet normal -1.053419e-01  9.888408e-01  1.053419e-01
    outer loop
      vertex  -1.192740e-01  9.956374e-01 -1.286437e-11
      vertex  -1.759375e-01  9.708583e-01  1.759375e-01
      vertex   1.527898e-10  9.956374e-01  1.192740e-01
    endloop
  endfacet
  facet normal -5.072654e-01  8.501038e-01  1.414402e-01
    outer loop
      vertex  -5.113692e-01  8.581073e-01 -2.179947e-11
      vertex  -5.923961e-01  7.722613e-01  2.253669e-01
      vertex  -3.821701e-01  9.004685e-01  2.087584e-01
    endloop
  endfacet
  facet normal -1.414402e-01  8.501037e-01  5.072654e-01
    outer loop
      vertex  -2.087584e-01  9.004685e-01  3.821701e-01
      vertex  -2.253669e-01  7.722613e-01  5.923961e-01
      vertex   1.759086e-10  8.581073e-01  5.113692e-01
    endloop
  endfacet
  facet normal -8.501038e-01  5.072654e-01  1.414402e-01
    outer loop
      vertex  -8.581073e-01  5.113692e-01  0.000000e+00
      vertex  -9.004685e-01  3.821701e-01  2.087584e-01
      vertex  -7.722613e-01  5.923961e-01  2.253669e-01
    endloop
  endfacet
  facet normal -9.888408e-01  1.053419e-01  1.053419e-01
    outer loop
      vertex  -9.956374e-01  1.192740e-01  0.000000e+00
      vertex  -9.956374e-01  1.527898e-10  1.192740e-01
      vertex  -9.708583e-01  1.759375e-01  1.759375e-01
    endloop
  endfacet
  facet normal -8.501037e-01  1.414402e-01  5.072654e-01
    outer loop
      vertex  -9.004685e-01  2.087584e-01  3.821701e-01
      vertex  -8.581073e-01  1.759086e-10  5.113692e-01
      vertex  -7.722613e-01  2.253669e-01  5.923961e-01
    endloop
  endfacet
  facet normal -1.414403e-01  5.072654e-01  8.501038e-01
    outer loop
      vertex  -2.253669e-01  5.923961e-01  7.722613e-01
      vertex  -2.087584e-01  3.821701e-01  9.004685e-01
      vertex   1.541091e-10  5.113692e-01  8.581073e-01
    endloop
  endfacet
  facet normal -5.072654e-01  1.414403e-01  8.501038e-01
    outer loop
      vertex  -5.923961e-01  2.253669e-01  7.722613e-01
      vertex  -5.113692e-01  1.541091e-10  8.581073e-01
      vertex  -3.821701e-01  2.087584e-01  9.004685e-01
    endloop
  endfacet
  facet normal -1.053419e-01  1.053419e-01  9.888408e-01
    outer loop
      vertex  -1.759375e-01  1.759375e-01  9.708583e-01
      vertex  -1.192740e-01  3.859310e-11  9.956374e-01
      vertex   3.859310e-11  1.192740e-01  9.956374e-01
    endloop
  endfacet
  facet normal -9.888408e-01 -1.053419e-01  1.053419e-01
    outer loop
      vertex  -9.956374e-01 -1.192740e-01 -1.286437e-11
      vertex  -9.708583e-01 -1.759375e-01  1.759375e-01
      vertex  -9.956374e-01  1.527898e-10  1.192740e-01
    endloop
  endfacet
  facet normal -8.501038e-01 -5.072654e-01  1.414402e-01
    outer loop
      vertex  -8.581073e-01 -5.113692e-01 -2.179947e-11
      vertex  -7.722613e-01 -5.923961e-01  2.253669e-01
      vertex  -9.004685e-01 -3.821701e-01  2.087584e-01
    endloop
  endfacet
  facet normal -8.501037e-01 -1.414402e-01  5.072654e-01
    outer loop
      vertex  -9.004685e-01 -2.087584e-01  3.821701e-01
      vertex  -7.722613e-01 -2.253669e-01  5.923961e-01
      vertex  -8.581073e-01  1.759086e-10  5.113692e-01
    endloop
  endfacet
  facet normal -5.072654e-01 -8.501038e-01  1.414402e-01
    outer loop
      vertex  -5.113692e-01 -8.581073e-01  0.000000e+00
      vertex  -3.821701e-01 -9.004685e-01  2.087584e-01
      vertex  -5.923961e-01 -7.722613e-01  2.253669e-01
    endloop
  endfacet
  facet normal -1.053419e-01 -9.888408e-01  1.053419e-01
    outer loop
      vertex  -1.192740e-01 -9.956374e-01  0.000000e+00
      vertex  -1.527898e-10 -9.956374e-01  1.192740e-01
      vertex  -1.759375e-01 -9.708583e-01  1.759375e-01
    endloop
  endfacet
  facet normal -1.414402e-01 -8.501037e-01  5.072654e-01
    outer loop
      vertex  -2.087584e-01 -9.004685e-01  3.821701e-01
      vertex  -1.759086e-10 -8.581073e-01  5.113692e-01
      vertex  -2.253669e-01 -7.722613e-01  5.923961e-01
    endloop
  endfacet
  facet normal -5.072654e-01 -1.414403e-01  8.501038e-01
    outer loop
      vertex  -5.923961e-01 -2.253669e-01  7.722613e-01
      vertex  -3.821701e-01 -2.087584e-01  9.004685e-01
      vertex  -5.113692e-01  1.541091e-10  8.581073e-01
    endloop
  endfacet
  facet normal -1.414403e-01 -5.072654e-01  8.501038e-01
    outer loop
      vertex  -2.253669e-01 -5.923961e-01  7.722613e-01
      vertex  -1.541091e-10 -5.113692e-01  8.581073e-01
      vertex  -2.087584e-01 -3.821701e-01  9.004685e-01
    endloop
  endfacet
  facet normal -1.053419e-01 -1.053419e-01  9.888408e-01
    outer loop
      vertex  -1.759375e-01 -1.759375e-01  9.708583e-01
      vertex  -3.859310e-11 -1.192740e-01  9.956374e-01
      vertex  -1.192740e-01  3.859310e-11  9.956374e-01
    endloop
  endfacet
  facet normal  1.053419e-01 -9.888408e-01  1.053419e-01
    outer loop
      vertex   1.192740e-01 -9.956374e-01 -1.286437e-11
      vertex   1.759375e-01 -9.708583e-01  1.759375e-01
      vertex  -1.527898e-10 -9.956374e-01  1.192740e-01
    endloop
  endfacet
  facet normal  5.072654e-01 -8.501038e-01  1.414402e-01
    outer loop
      vertex   5.113692e-01 -8.581073e-01 -2.179947e-11
      vertex   5.923961e-01 -7.722613e-01  2.253669e-01
      vertex   3.821701e-01 -9.004685e-01  2.087584e-01
    endloop
  endfacet
  facet normal  1.414402e-01 -8.501037e-01  5.072654e-01
    outer loop
      vertex   2.087584e-01 -9.004685e-01  3.821701e-01
      vertex   2.253669e-01 -7.722613e-01  5.923961e-01
      vertex  -1.759086e-10 -8.581073e-01  5.113692e-01
    endloop
  endfacet
  facet normal  8.501038e-01 -5.072654e-01  1.414402e-01
    outer loop
      vertex   8.581073e-01 -5.113692e-01  0.000000e+00
      vertex   9.004685e-01 -3.821701e-01  2.087584e-01
      vertex   7.722613e-01 -5.923961e-01  2.253669e-01
    endloop
  endfacet
  facet normal  9.888408e-01 -1.053419e-01  1.053419e-01
    outer loop
      vertex   9.956374e-01 -1.192740e-01  0.000000e+00
      vertex   9.956374e-01 -1.270611e-10  1.192740e-01
      vertex   9.708583e-01 -1.759375e-01  1.759375e-01
    endloop
  endfacet
  facet normal  8.501037e-01 -1.414402e-01  5.072654e-01
    outer loop
      vertex   9.004685e-01 -2.087584e-01  3.821701e-01
      vertex   8.581073e-01 -1.323096e-10  5.113692e-01
      vertex   7.722613e-01 -2.253669e-01  5.923961e-01
    endloop
  endfacet
  facet normal  1.414403e-01 -5.072654e-01  8.501038e-01
    outer loop
      vertex   2.253669e-01 -5.923961e-01  7.722613e-01
      vertex   2.087584e-01 -3.821701e-01  9.004685e-01
      vertex  -1.541091e-10 -5.113692e-01  8.581073e-01
    endloop
  endfacet
  facet normal  5.072654e-01 -1.414403e-01  8.501038e-01
    outer loop
      vertex   5.923961e-01 -2.253669e-01  7.722613e-01
      vertex   5.113692e-01 -1.541091e-10  8.581073e-01
      vertex   3.821701e-01 -2.087584e-01  9.004685e-01
    endloop
  endfacet
  facet normal  1.053419e-01 -1.053419e-01  9.888408e-01
    outer loop
      vertex   1.759375e-01 -1.759375e-01  9.708583e-01
      vertex   1.192740e-01 -3.859310e-11  9.956374e-01
      vertex  -3.859310e-11 -1.192740e-01  9.956374e-01
    endloop
  endfacet
  facet normal  1.053419e-01  9.888408e-01 -1.053419e-01
    outer loop
      vertex   1.192740e-01  9.956374e-01  0.000000e+00
      vertex   1.759375e-01  9.708583e-01 -1.759375e-01
      vertex   7.560362e-11  9.956374e-01 -1.192740e-01
    endloop
  endfacet
  facet normal  5.072654e-01  8.501038e-01 -1.414402e-01
    outer loop
      vertex   5.113692e-01  8.581073e-01  0.000000e+00
      vertex   5.923961e-01  7.722613e-01 -2.253669e-01
      vertex   3.821701e-01  9.004685e-01 -2.087584e-01
    endloop
  endfacet
  facet normal  1.414402e-01  8.501037e-01 -5.072654e-01
    outer loop
      vertex   2.087584e-01  9.004685e-01 -3.821701e-01
      vertex   2.253669e-01  7.722613e-01 -5.923961e-01
      vertex  -1.323096e-10  8.581073e-01 -5.113692e-01
    endloop
  endfacet
  facet normal  8.501038e-01  5.072654e-01 -1.414402e-01
    outer loop
      vertex   8.581073e-01  5.113692e-01 -2.179947e-11
      vertex   9.004685e-01  3.821701e-01 -2.087584e-01
      vertex   7.722613e-01  5.923961e-01 -2.253669e-01
    endloop
  endfacet
  facet normal  9.888408e-01  1.053419e-01 -1.053419e-01
    outer loop
      vertex   9.956374e-01  1.192740e-01 -1.286437e-11
      vertex   9.956374e-01 -4.987489e-11 -1.192740e-01
      vertex   9.708583e-01  1.759375e-01 -1.759375e-01
    endloop
  endfacet
  facet normal  8.501037e-01  1.414402e-01 -5.072654e-01
    outer loop
      vertex   9.004685e-01  2.087584e-01 -3.821701e-01
      vertex   8.581073e-01  1.759086e-10 -5.113692e-01
      vertex   7.722613e-01  2.253669e-01 -5.923961e-01
    endloop
  endfacet
  facet normal  1.414403e-01  5.072654e-01 -8.501038e-01
    outer loop
      vertex   2.253669e-01  5.923961e-01 -7.722613e-01
      vertex   2.087584e-01  3.821701e-01 -9.004685e-01
      vertex  -1.541091e-10  5.113692e-01 -8.581073e-01
    endloop
  endfacet
  facet normal  5.072654e-01  1.414403e-01 -8.501038e-01
    outer loop
      vertex   5.923961e-01  2.253669e-01 -7.722613e-01
      vertex   5.113692e-01  1.541091e-10 -8.581073e-01
      vertex   3.821701e-01  2.087584e-01 -9.004685e-01
    endloop
  endfacet
  facet normal  1.053419e-01  1.053419e-01 -9.888408e-01
    outer loop
      vertex   1.759375e-01  1.759375e-01 -9.708583e-01
      vertex   1.192740e-01  3.859310e-11 -9.956374e-01
      vertex  -3.859310e-11  1.192740e-01 -9.956374e-01
    endloop
  endfacet
  facet normal -9.888408e-01  1.053419e-01 -1.053419e-01
    outer loop
      vertex  -9.956374e-01  1.192740e-01  0.000000e+00
      vertex  -9.708583e-01  1.759375e-01 -1.759375e-01
      vertex  -9.956374e-01  7.560362e-11 -1.192740e-01
    endloop
  endfacet
  facet normal -8.501038e-01  5.072654e-01 -1.414402e-01
    outer loop
      vertex  -8.581073e-01  5.113692e-01  0.000000e+00
      vertex  -7.722613e-01  5.923961e-01 -2.253669e-01
      vertex  -9.004685e-01  3.821701e-01 -2.087584e-01
    endloop
  endfacet
  facet normal -8.501037e-01  1.414402e-01 -5.072654e-01
    outer loop
      vertex  -9.004685e-01  2.087584e-01 -3.821701e-01
      vertex  -7.722613e-01  2.253669e-01 -5.923961e-01
      vertex  -8.581073e-01 -1.323096e-10 -5.113692e-01
    endloop
  endfacet
  facet normal -5.072654e-01  8.501038e-01 -1.414402e-01
    outer loop
      vertex  -5.113692e-01  8.581073e-01 -2.179947e-11
      vertex  -3.821701e-01  9.004685e-01 -2.087584e-01
      vertex  -5.923961e-01  7.722613e-01 -2.253669e-01
    endloop
  endfacet
  facet normal -1.053419e-01  9.888408e-01 -1.053419e-01
    outer loop
      vertex  -1.192740e-01  9.956374e-01 -1.286437e-11
      vertex   7.560362e-11  9.956374e-01 -1.192740e-01
      vertex  -1.759375e-01  9.708583e-01 -1.759375e-01
    endloop
  endfacet
  facet normal -1.414402e-01  8.501037e-01 -5.072654e-01
    outer loop
      vertex  -2.087584e-01  9.004685e-01 -3.821701e-01
      vertex  -1.323096e-10  8.581073e-01 -5.113692e-01
      vertex  -2.253669e-01  7.722613e-01 -5.923961e-01
    endloop
  endfacet
  facet normal -5.072654e-01  1.414403e-01 -8.501038e-01
    outer loop
      vertex  -5.923961e-01  2.253669e-01 -7.722613e-01
      vertex  -3.821701e-01  2.087584e-01 -9.004685e-01
      vertex  -5.113692e-01 -1.541091e-10 -8.581073e-01
    endloop
  endfacet
  facet normal -1.414403e-01  5.072654e-01 -8.501038e-01
    outer loop
      vertex  -2.253669e-01  5.923961e-01 -7.722613e-01
      vertex  -1.541091e-10  5.113692e-01 -8.581073e-01
      vertex  -2.087584e-01  3.821701e-01 -9.004685e-01
    endloop
  endfacet
  facet normal -1.053419e-01  1.053419e-01 -9.888408e-01
    outer loop
      vertex  -1.759375e-01  1.759375e-01 -9.708583e-01
      vertex  -3.859310e-11  1.192740e-01 -9.956374e-01
      vertex  -1.192740e-01 -3.859310e-11 -9.956374e-01
    endloop
  endfacet
  facet normal -1.053419e-01 -9.888408e-01 -1.053419e-01
    outer loop
      vertex  -1.192740e-01 -9.956374e-01  0.000000e+00
      vertex  -1.759375e-01 -9.708583e-01 -1.759375e-01
      vertex  -7.560362e-11 -9.956374e-01 -1.192740e-01
    endloop
  endfacet
  facet normal -5.072654e-01 -8.501038e-01 -1.414402e-01
    outer loop
      vertex  -5.113692e-01 -8.581073e-01  0.000000e+00
      vertex  -5.923961e-01 -7.722613e-01 -2.253669e-01
      vertex  -3.821701e-01 -9.004685e-01 -2.087584e-01
    endloop
  endfacet
  facet normal -1.414402e-01 -8.501037e-01 -5.072654e-01
    outer loop
      vertex  -2.087584e-01 -9.004685e-01 -3.821701e-01
      vertex  -2.253669e-01 -7.722613e-01 -5.923961e-01
      vertex   1.323096e-10 -8.581073e-01 -5.113692e-01
    endloop
  endfacet
  facet normal -8.501038e-01 -5.072654e-01 -1.414402e-01
    outer loop
      vertex  -8.581073e-01 -5.113692e-01 -2.179947e-11
      vertex  -9.004685e-01 -3.821701e-01 -2.087584e-01
      vertex  -7.722613e-01 -5.923961e-01 -2.253669e-01
    endloop
  endfacet
  facet normal -9.888408e-01 -1.053419e-01 -1.053419e-01
    outer loop
      vertex  -9.956374e-01 -1.192740e-01 -1.286437e-11
      vertex  -9.956374e-01  7.560362e-11 -1.192740e-01
      vertex  -9.708583e-01 -1.759375e-01 -1.759375e-01
    endloop
  endfacet
  facet normal -8.501037e-01 -1.414402e-01 -5.072654e-01
    outer loop
      vertex  -9.004685e-01 -2.087584e-01 -3.821701e-01
      vertex  -8.581073e-01 -1.323096e-10 -5.113692e-01
      vertex  -7.722613e-01 -2.253669e-01 -5.923961e-01
    endloop
  endfacet
  facet normal -1.414403e-01 -5.072654e-01 -8.501038e-01
    outer loop
      vertex  -2.253669e-01 -5.923961e-01 -7.722613e-01
      vertex  -2.087584e-01 -3.821701e-01 -9.004685e-01
      vertex   1.541091e-10 -5.113692e-01 -8.581073e-01
    endloop
  endfacet
  facet normal -5.072654e-01 -1.414403e-01 -8.501038e-01
    outer loop
      vertex  -5.923961e-01 -2.253669e-01 -7.722613e-01
      vertex  -5.113692e-01 -1.541091e-10 -8.581073e-01
      vertex  -3.821701e-01 -2.087584e-01 -9.004685e-01
    endloop
  endfacet
  facet normal -1.053419e-01 -1.053419e-01 -9.888408e-01
    outer loop
      vertex  -1.759375e-01 -1.759375e-01 -9.708583e-01
      vertex  -1.192740e-01 -3.859310e-11 -9.956374e-01
      vertex   3.859310e-11 -1.192740e-01 -9.956374e-01
    endloop
  endfacet
  facet normal  9.888408e-01 -1.053419e-01 -1.053419e-01
    outer loop
      vertex   9.956374e-01 -1.192740e-01  0.000000e+00
      vertex   9.708583e-01 -1.759375e-01 -1.759375e-01
      vertex   9.956374e-01 -4.987489e-11 -1.192740e-01
    endloop
  endfacet
  facet normal  8.501038e-01 -5.072654e-01 -1.414402e-01
    outer loop
      vertex   8.581073e-01 -5.113692e-01  0.000000e+00
      vertex   7.722613e-01 -5.923961e-01 -2.253669e-01
      vertex   9.004685e-01 -3.821701e-01 -2.087584e-01
    endloop
  endfacet
  facet normal  8.501037e-01 -1.414402e-01 -5.072654e-01
    outer loop
      vertex   9.004685e-01 -2.087584e-01 -3.821701e-01
      vertex   7.722613e-01 -2.253669e-01 -5.923961e-01
      vertex   8.581073e-01  1.759086e-10 -5.113692e-01
    endloop
  endfacet
  facet normal  5.072654e-01 -8.501038e-01 -1.414402e-01
    outer loop
      vertex   5.113692e-01 -8.581073e-01 -2.179947e-11
      vertex   3.821701e-01 -9.004685e-01 -2.087584e-01
      vertex   5.923961e-01 -7.722613e-01 -2.253669e-01
    endloop
  endfacet
  facet normal  1.053419e-01 -9.888408e-01 -1.053419e-01
    outer loop
      vertex   1.192740e-01 -9.956374e-01 -1.286437e-11
      vertex  -7.560362e-11 -9.956374e-01 -1.192740e-01
      vertex   1.759375e-01 -9.708583e-01 -1.759375e-01
    endloop
  endfacet
  facet normal  1.414402e-01 -8.501037e-01 -5.072654e-01
    outer loop
      vertex   2.087584e-01 -9.004685e-01 -3.821701e-01
      vertex   1.323096e-10 -8.581073e-01 -5.113692e-01
      vertex   2.253669e-01 -7.722613e-01 -5.923961e-01
    endloop
  endfacet
  facet normal  5.072654e-01 -1.414403e-01 -8.501038e-01
    outer loop
      vertex   5.923961e-01 -2.253669e-01 -7.722613e-01
      vertex   3.821701e-01 -2.087584e-01 -9.004685e-01
      vertex   5.113692e-01  1.541091e-10 -8.581073e-01
    endloop
  endfacet
  facet normal  1.414403e-01 -5.072654e-01 -8.501038e-01
    outer loop
      vertex   2.253669e-01 -5.923961e-01 -7.722613e-01
      vertex   1.541091e-10 -5.113692e-01 -8.581073e-01
      vertex   2.087584e-01 -3.821701e-01 -9.004685e-01
    endloop
  endfacet
  facet normal  1.053419e-01 -1.053419e-01 -9.888408e-01
    outer loop
      vertex   1.759375e-01 -1.759375e-01 -9.708583e-01
      vertex   3.859310e-11 -1.192740e-01 -9.956374e-01
      vertex   1.192740e-01  3.859310e-11 -9.956374e-01
    endloop
  endfacet
  facet normal  5.114955e-01  6.904669e-01  5.114955e-01
    outer loop
      vertex   4.284019e-01  7.945413e-01  4.284019e-01
      vertex   4.433243e-01  6.323804e-01  6.323804e-01
      vertex   6.323804e-01  6.323804e-01  4.433243e-01
    endloop
  endfacet
  facet normal  5.114956e-01  5.114956e-01  6.904669e-01
    outer loop
      vertex   4.433243e-01  6.323804e-01  6.323804e-01
      vertex   4.284019e-01  4.284019e-01  7.945413e-01
      vertex   6.323804e-01  4.433243e-01  6.323804e-01
    endloop
  endfacet
  facet normal  6.904669e-01  5.114956e-01  5.114956e-01
    outer loop
      vertex   6.323804e-01  6.323804e-01  4.433243e-01
      vertex   6.323804e-01  4.433243e-01  6.323804e-01
      vertex   7.945413e-01  4.284019e-01  4.284019e-01
    endloop
  endfacet
  facet normal -6.904669e-01  5.114955e-01  5.114955e-01
    outer loop
      vertex  -7.945413e-01  4.284019e-01  4.284019e-01
      vertex  -6.323804e-01  4.433243e-01  6.323804e-01
      vertex  -6.323804e-01  6.323804e-01  4.433243e-01
    endloop
  endfacet
  facet normal -5.114956e-01  5.114956e-01  6.904669e-01
    outer loop
      vertex  -6.323804e-01  4.433243e-01  6.323804e-01
      vertex  -4.284019e-01  4.284019e-01  7.945413e-01
      vertex  -4.433243e-01  6.323804e-01  6.323804e-01
    endloop
  endfacet
  facet normal -5.114956e-01  6.904669e-01  5.114956e-01
    outer loop
      vertex  -6.323804e-01  6.323804e-01  4.433243e-01
      vertex  -4.433243e-01  6.323804e-01  6.323804e-01
      vertex  -4.284019e-01  7.945413e-01  4.284019e-01
    endloop
  endfacet
  facet normal -5.114955e-01 -6.904669e-01  5.114955e-01
    outer loop
      vertex  -4.284019e-01 -7.945413e-01  4.284019e-01
      vertex  -4.433243e-01 -6.323804e-01  6.323804e-01
      vertex  -6.323804e-01 -6.323804e-01  4.433243e-01
    endloop
  endfacet
  facet normal -5.114956e-01 -5.114956e-01  6.904669e-01
    outer loop
      vertex  -4.433243e-01 -6.323804e-01  6.323804e-01
      vertex  -4.284019e-01 -4.284019e-01  7.945413e-01
      vertex  -6.323804e-01 -4.433243e-01  6.323804e-01
    endloop
  endfacet
  facet normal -6.904669e-01 -5.114956e-01  5.114956e-01
    outer loop
      vertex  -6.323804e-01 -6.323804e-01  4.433243e-01
      vertex  -6.323804e-01 -4.433243e-01  6.323804e-01
      vertex  -7.945413e-01 -4.284019e-01  4.284019e-01
    endloop
  endfacet
  facet normal  6.904669e-01 -5.114955e-01  5.114955e-01
    outer loop
      vertex   7.945413e-01 -4.284019e-01  4.284019e-01
      vertex   6.323804e-01 -4.433243e-01  6.323804e-01
      vertex   6.323804e-01 -6.323804e-01  4.433243e-01
    endloop
  endfacet
  facet normal  5.114956e-01 -5.114956e-01  6.904669e-01
    outer loop
      vertex   6.323804e-01 -4.433243e-01  6.323804e-01
      vertex   4.284019e-01 -4.284019e-01  7.945413e-01
      vertex   4.433243e-01 -6.323804e-01  6.323804e-01
    endloop
  endfacet
  facet normal  5.114956e-01 -6.904669e-01  5.114956e-01
    outer loop
      vertex   6.323804e-01 -6.323804e-01  4.433243e-01
      vertex   4.433243e-01 -6.323804e-01  6.323804e-01
      vertex   4.284019e-01 -7.945413e-01  4.284019e-01
    endloop
  endfacet
  facet normal  6.904669e-01  5.114955e-01 -5.114955e-01
    outer loop
      vertex   7.945413e-01  4.284019e-01 -4.284019e-01
      vertex   6.323804e-01  4.433243e-01 -6.323804e-01
      vertex   6.323804e-01  6.323804e-01 -4.433243e-01
    endloop
  endfacet
  facet normal  5.114956e-01  5.114956e-01 -6.904669e-01
    outer loop
      vertex   6.323804e-01  4.433243e-01 -6.323804e-01
      vertex   4.284019e-01  4.284019e-01 -7.945413e-01
      vertex   4.433243e-01  6.323804e-01 -6.323804e-01
    endloop
  endfacet
  facet normal  5.114956e-01  6.904669e-01 -5.114956e-01
    outer loop
      vertex   6.323804e-01  6.323804e-01 -4.433243e-01
      vertex   4.433243e-01  6.323804e-01 -6.323804e-01
      vertex   4.284019e-01  7.945413e-01 -4.284019e-01
    endloop
  endfacet
  facet normal -5.114955e-01  6.904669e-01 -5.114955e-01
    outer loop
      vertex  -4.284019e-01  7.945413e-01 -4.284019e-01
      vertex  -4.433243e-01  6.323804e-01 -6.323804e-01
      vertex  -6.323804e-01  6.323804e-01 -4.433243e-01
    endloop
  endfacet
  facet normal -5.114956e-01  5.114956e-01 -6.904669e-01
    outer loop
      vertex  -4.433243e-01  6.323804e-01 -6.323804e-01
      vertex  -4.284019e-01  4.284019e-01 -7.945413e-01
      vertex  -6.323804e-01  4.433243e-01 -6.323804e-01
    endloop
  endfacet
  facet normal -6.904669e-01  5.114956e-01 -5.114956e-01
    outer loop
      vertex  -6.323804e-01  6.323804e-01 -4.433243e-01
      vertex  -6.323804e-01  4.433243e-01 -6.323804e-01
      vertex  -7.945413e-01  4.284019e-01 -4.284019e-01
    endloop
  endfacet
  facet normal -6.904669e-01 -5.114955e-01 -5.114955e-01
    outer loop
      vertex  -7.945413e-01 -4.284019e-01 -4.284019e-01
      vertex  -6.323804e-01 -4.433243e-01 -6.323804e-01
      vertex  -6.323804e-01 -6.323804e-01 -4.433243e-01
    endloop
  endfacet
  facet normal -5.114956e-01 -5.114956e-01 -6.904669e-01
    outer loop
      vertex  -6.323804e-01 -4.433243e-01 -6.323804e-01
      vertex  -4.284019e-01 -4.284019e-01 -7.945413e-01
      vertex  -4.433243e-01 -6.323804e-01 -6.323804e-01
    endloop
  endfacet
  facet normal -5.114956e-01 -6.904669e-01 -5.114956e-01
    outer loop
      vertex  -6.323804e-01 -6.323804e-01 -4.433243e-01
      vertex  -4.433243e-01 -6.323804e-01 -6.323804e-01
      vertex  -4.284019e-01 -7.945413e-01 -4.284019e-01
    endloop
  endfacet
  facet normal  5.114955e-01 -6.904669e-01 -5.114955e-01
    outer loop
      vertex   4.284019e-01 -7.945413e-01 -4.284019e-01
      vertex   4.433243e-01 -6.323804e-01 -6.323804e-01
      vertex   6.323804e-01 -6.323804e-01 -4.433243e-01
    endloop
  endfacet
  facet normal  5.114956e-01 -5.114956e-01 -6.904669e-01
    outer loop
      vertex   4.433243e-01 -6.323804e-01 -6.323804e-01
      vertex   4.284019e-01 -4.284019e-01 -7.945413e-01
      vertex   6.323804e-01 -4.433243e-01 -6.323804e-01
    endloop
  endfacet
  facet normal  6.904669e-01 -5.114956e-01 -5.114956e-01
    outer loop
      vertex   6.323804e-01 -6.323804e-01 -4.433243e-01
      vertex   6.323804e-01 -4.433243e-01 -6.323804e-01
      vertex   7.945413e-01 -4.284019e-01 -4.284019e-01
    endloop
